0.0949	1
0.0463	2
0.0409	3
0.0394	4
0.0405	5
0.0416	6
0.0417	7
0.0418	8
0.0422	9
0.0451	10
0.0458	11
0.0453	12
0.0449	13
0.0466	14
0.048	15
0.0469	16
0.047	17
0.0482	18
0.0487	19
0.0492	20
0.0508	21
0.0525	22
0.0498	23
0.0525	24
0.0532	25
0.0518	26
0.0558	27
0.0524	28
0.0576	29
0.0542	30
0.0536	31
0.0543	32
0.0568	33
0.0545	34
0.0562	35
0.0573	36
0.0565	37
0.0562	38
0.0584	39
0.0591	40
0.0568	41
0.0599	42
0.0602	43
0.059	44
0.0623	45
0.0616	46
0.0597	47
0.0575	48
0.0584	49
0.0556	50
0.0561	51
0.0582	52
0.06	53
0.0637	54
0.0636	55
0.0637	56
0.0626	57
0.0617	58
0.0627	59
0.0584	60
0.0567	61
0.0578	62
0.0578	63
0.0547	64
0.0562	65
0.0551	66
0.0575	67
0.0586	68
0.0589	69
0.059	70
0.0568	71
0.056	72
0.0564	73
0.0607	74
0.0572	75
0.0596	76
0.058	77
0.0569	78
0.0549	79
0.0561	80
0.0543	81
0.0575	82
0.0565	83
0.0556	84
0.0548	85
0.0579	86
0.0538	87
0.0523	88
0.0496	89
0.0488	90
0.0486	91
0.0454	92
0.0478	93
0.0479	94
0.0481	95
0.0483	96
0.0487	97
0.0515	98
0.053	99
0.0533	100
0.0564	101
0.0535	102
0.0546	103
0.0541	104
0.0561	105
0.0562	106
0.0552	107
0.0513	108
0.0531	109
0.0515	110
0.0516	111
0.052	112
0.0516	113
0.0539	114
0.0529	115
0.055	116
0.0551	117
0.0557	118
0.0558	119
0.0565	120
0.054	121
0.0556	122
0.0559	123
0.0578	124
0.0556	125
0.0568	126
0.0566	127
0.0589	128
0.0554	129
0.0595	130
0.0569	131
0.0591	132
0.0582	133
0.0606	134
0.0592	135
0.0586	136
0.0582	137
0.0614	138
0.0616	139
0.0624	140
0.0618	141
0.0663	142
0.0643	143
0.0695	144
0.0658	145
0.0669	146
0.0679	147
0.069	148
0.0686	149
0.0673	150
0.0669	151
0.0652	152
0.0645	153
0.0662	154
0.062	155
0.0613	156
0.0611	157
0.0612	158
0.0604	159
0.0604	160
0.0608	161
0.0591	162
0.0573	163
0.0549	164
0.0541	165
0.0559	166
0.0518	167
0.0558	168
0.0525	169
0.0522	170
0.052	171
0.0524	172
0.0524	173
0.0527	174
0.0535	175
0.0527	176
0.0539	177
0.0531	178
0.0535	179
0.0559	180
0.0545	181
0.0556	182
0.0592	183
0.055	184
0.0537	185
0.0543	186
0.0559	187
0.0537	188
0.0557	189
0.056	190
0.0562	191
0.0562	192
0.0556	193
0.0527	194
0.0557	195
0.0562	196
0.054	197
0.0539	198
0.0525	199
0.0562	200
0.0525	201
0.0564	202
0.0546	203
0.054	204
0.0508	205
0.0513	206
0.0514	207
0.0486	208
0.0488	209
0.0507	210
0.0512	211
0.05	212
0.0486	213
0.0482	214
0.0474	215
0.0466	216
0.0483	217
0.0452	218
0.0424	219
0.0431	220
0.0418	221
0.0386	222
0.0415	223
0.0391	224
0.0382	225
0.0386	226
0.0367	227
0.0379	228
0.0374	229
0.0375	230
0.0386	231
0.0396	232
0.0388	233
0.0363	234
0.0367	235
0.0363	236
0.0382	237
0.0382	238
0.0411	239
0.041	240
0.042	241
0.0385	242
0.0382	243
0.0377	244
0.0357	245
0.0372	246
0.0372	247
0.0372	248
0.036	249
0.0369	250
0.0372	251
0.0388	252
0.0384	253
0.0395	254
0.0405	255
0.0409	256
0.0428	257
0.0395	258
0.0416	259
0.0378	260
0.0397	261
0.0382	262
0.0397	263
0.0387	264
0.0387	265
0.0379	266
0.0378	267
0.0406	268
0.0381	269
0.0365	270
0.0357	271
0.0376	272
0.0372	273
0.0352	274
0.0346	275
0.0369	276
0.0374	277
0.0357	278
0.035	279
0.0346	280
0.0371	281
0.038	282
0.0395	283
0.0397	284
0.0417	285
0.0395	286
0.0434	287
0.0406	288
0.0429	289
0.0401	290
0.0404	291
0.0414	292
0.0417	293
0.0432	294
0.0422	295
0.0414	296
0.041	297
0.0433	298
0.039	299
0.0412	300
0.0397	301
0.0398	302
0.0386	303
0.0377	304
0.0372	305
0.0376	306
0.036	307
0.0371	308
0.0349	309
0.0355	310
0.0353	311
0.0347	312
0.0346	313
0.0365	314
0.0363	315
0.0367	316
0.0374	317
0.0364	318
0.0377	319
0.0354	320
0.036	321
0.0359	322
0.0359	323
0.037	324
0.0361	325
0.0378	326
0.0359	327
0.0363	328
0.0339	329
0.0361	330
0.0337	331
0.037	332
0.0354	333
0.0351	334
0.0353	335
0.037	336
0.0364	337
0.037	338
0.0368	339
0.036	340
0.0343	341
0.0345	342
0.0341	343
0.0333	344
0.0331	345
0.0335	346
0.0321	347
0.0318	348
0.0324	349
0.0342	350
0.0325	351
0.0333	352
0.0346	353
0.0349	354
0.034	355
0.0356	356
0.0367	357
0.0381	358
0.0359	359
0.0379	360
0.0355	361
0.0364	362
0.0379	363
0.0381	364
0.0378	365
0.0372	366
0.0371	367
0.0369	368
0.0372	369
0.0371	370
0.0352	371
0.0352	372
0.0381	373
0.0379	374
0.0361	375
0.0364	376
0.0334	377
0.0347	378
0.0347	379
0.0344	380
0.0363	381
0.0355	382
0.0365	383
0.0377	384
0.0383	385
0.038	386
0.0376	387
0.0378	388
0.0388	389
0.0365	390
0.039	391
0.037	392
0.0381	393
0.0361	394
0.0345	395
0.0358	396
0.0345	397
0.0351	398
0.0354	399
0.0345	400
0.0356	401
0.0371	402
0.0358	403
0.0367	404
0.034	405
0.0343	406
0.035	407
0.0358	408
0.0376	409
0.0379	410
0.0396	411
0.0391	412
0.0401	413
0.0395	414
0.0416	415
0.0429	416
0.0402	417
0.0406	418
0.0414	419
0.0431	420
0.0401	421
0.0417	422
0.0447	423
0.043	424
0.0442	425
0.0435	426
0.0421	427
0.0436	428
0.0433	429
0.0439	430
0.0465	431
0.0439	432
0.0456	433
0.0444	434
0.0455	435
0.0447	436
0.0426	437
0.0416	438
0.0399	439
0.0404	440
0.041	441
0.0408	442
0.0416	443
0.0418	444
0.0419	445
0.0408	446
0.0399	447
0.0413	448
0.0386	449
0.0379	450
0.0384	451
0.035	452
0.0353	453
0.0335	454
0.0325	455
0.0338	456
0.0332	457
0.0347	458
0.0356	459
0.0347	460
0.0385	461
0.0364	462
0.0409	463
0.0377	464
0.036	465
0.038	466
0.0375	467
0.0376	468
0.0359	469
0.037	470
0.0364	471
0.0389	472
0.0366	473
0.0363	474
0.0382	475
0.0361	476
0.0367	477
0.0357	478
0.0377	479
0.0363	480
0.0367	481
0.04	482
0.0391	483
0.0402	484
0.0383	485
0.0403	486
0.0396	487
0.0382	488
0.0376	489
0.0394	490
0.0396	491
0.0401	492
0.0395	493
0.0377	494
0.0402	495
0.0392	496
0.038	497
0.0395	498
0.0398	499
0.0433	500
0.0442	501
0.0448	502
0.0429	503
0.0415	504
0.0401	505
0.0424	506
0.0392	507
0.0403	508
0.0404	509
0.0416	510
0.0407	511
0.0413	512
0.0404	513
0.0394	514
0.0389	515
0.0381	516
0.0402	517
0.0386	518
0.0385	519
0.04	520
0.0411	521
0.0417	522
0.0409	523
0.0412	524
0.0413	525
0.0395	526
0.0409	527
0.0389	528
0.041	529
0.039	530
0.042	531
0.0401	532
0.042	533
0.0386	534
0.0414	535
0.0386	536
0.0384	537
0.0391	538
0.0404	539
0.0399	540
0.0397	541
0.038	542
0.0364	543
0.0369	544
0.0368	545
0.038	546
0.0376	547
0.0387	548
0.0409	549
0.043	550
0.0437	551
0.0445	552
0.0441	553
0.0428	554
0.0415	555
0.0431	556
0.0446	557
0.0418	558
0.0428	559
0.0428	560
0.0428	561
0.0439	562
0.0458	563
0.0422	564
0.0449	565
0.0435	566
0.041	567
0.0422	568
0.0446	569
0.0428	570
0.0452	571
0.0431	572
0.049	573
0.0453	574
0.0425	575
0.0436	576
0.0421	577
0.0418	578
0.0402	579
0.0411	580
0.0405	581
0.0429	582
0.0388	583
0.0381	584
0.0384	585
0.0407	586
0.042	587
0.0445	588
0.044	589
0.0461	590
0.0462	591
0.0456	592
0.0447	593
0.0468	594
0.0447	595
0.0448	596
0.0455	597
0.0464	598
0.0426	599
0.0427	600
0.0426	601
0.0459	602
0.0444	603
0.0442	604
0.044	605
0.0437	606
0.0454	607
0.0461	608
0.0448	609
0.0458	610
0.047	611
0.0481	612
0.0482	613
0.0481	614
0.0452	615
0.0469	616
0.0416	617
0.0423	618
0.043	619
0.046	620
0.0431	621
0.0435	622
0.0435	623
0.0425	624
0.0444	625
0.0431	626
0.0464	627
0.0438	628
0.0442	629
0.0434	630
0.0441	631
0.044	632
0.043	633
0.0465	634
0.0448	635
0.0469	636
0.0455	637
0.0461	638
0.0478	639
0.0462	640
0.0488	641
0.0487	642
0.0477	643
0.0464	644
0.0446	645
0.0455	646
0.0436	647
0.0416	648
0.0413	649
0.0409	650
0.0412	651
0.0405	652
0.0383	653
0.0388	654
0.0398	655
0.0394	656
0.0381	657
0.0394	658
0.0378	659
0.0384	660
0.0378	661
0.038	662
0.0391	663
0.0398	664
0.0422	665
0.0411	666
0.0403	667
0.0385	668
0.0394	669
0.0385	670
0.0382	671
0.0402	672
0.0406	673
0.0387	674
0.0383	675
0.0385	676
0.0393	677
0.0408	678
0.0415	679
0.0416	680
0.0405	681
0.0414	682
0.0403	683
0.0403	684
0.0394	685
0.0352	686
0.0342	687
0.0318	688
0.0316	689
0.0338	690
0.0317	691
0.0334	692
0.0317	693
0.0317	694
0.0323	695
0.0325	696
0.0341	697
0.0342	698
0.0351	699
0.0337	700
0.0355	701
0.0357	702
0.0361	703
0.0356	704
0.0363	705
0.0358	706
0.0384	707
0.0371	708
0.0392	709
0.0394	710
0.0423	711
0.0415	712
0.0423	713
0.0403	714
0.0397	715
0.0399	716
0.0393	717
0.0385	718
0.0388	719
0.0414	720
0.0377	721
0.0384	722
0.0389	723
0.0414	724
0.0386	725
0.0387	726
0.039	727
0.0407	728
0.0401	729
0.0385	730
0.0382	731
0.0389	732
0.0387	733
0.0406	734
0.0394	735
0.0406	736
0.038	737
0.0376	738
0.0371	739
0.0367	740
0.036	741
0.0364	742
0.0356	743
0.0359	744
0.0354	745
0.0354	746
0.0368	747
0.0377	748
0.0382	749
0.0373	750
0.0371	751
0.0381	752
0.0371	753
0.0355	754
0.0364	755
0.0375	756
0.0394	757
0.0387	758
0.0368	759
0.036	760
0.0356	761
0.0354	762
0.0348	763
0.0331	764
0.0329	765
0.0325	766
0.0329	767
0.0326	768
0.0344	769
0.0328	770
0.0326	771
0.0335	772
0.0335	773
0.0348	774
0.033	775
0.0341	776
0.0332	777
0.0338	778
0.0344	779
0.034	780
0.0354	781
0.036	782
0.0362	783
0.0352	784
0.0359	785
0.0359	786
0.0361	787
0.0346	788
0.0323	789
0.0325	790
0.0334	791
0.0331	792
0.0335	793
0.0351	794
0.0337	795
0.0349	796
0.0344	797
0.0343	798
0.0344	799
0.0356	800
0.0368	801
0.0353	802
0.0346	803
0.0346	804
0.0339	805
0.0343	806
0.0362	807
0.0357	808
0.0372	809
0.0388	810
0.0387	811
0.0411	812
0.0403	813
0.0423	814
0.0387	815
0.04	816
0.0379	817
0.041	818
0.0369	819
0.0373	820
0.0366	821
0.0372	822
0.0375	823
0.0367	824
0.0376	825
0.0366	826
0.0394	827
0.0372	828
0.0379	829
0.0368	830
0.0372	831
0.0362	832
0.0383	833
0.0377	834
0.0368	835
0.0378	836
0.0366	837
0.0368	838
0.036	839
0.034	840
0.0346	841
0.0347	842
0.0347	843
0.0343	844
0.0346	845
0.0336	846
0.0359	847
0.0346	848
0.0345	849
0.033	850
0.0343	851
0.033	852
0.0345	853
0.0335	854
0.0362	855
0.0352	856
0.035	857
0.0351	858
0.0359	859
0.034	860
0.0348	861
0.0348	862
0.0371	863
0.0343	864
0.0345	865
0.0344	866
0.0332	867
0.0345	868
0.0347	869
0.0353	870
0.0356	871
0.0362	872
0.0365	873
0.0375	874
0.0365	875
0.0357	876
0.0351	877
0.0359	878
0.0361	879
0.0376	880
0.0367	881
0.0379	882
0.0376	883
0.0378	884
0.0379	885
0.0389	886
0.0373	887
0.0382	888
0.0376	889
0.0385	890
0.0378	891
0.0376	892
0.0356	893
0.0358	894
0.0353	895
0.0359	896
0.0351	897
0.0349	898
0.0347	899
0.0352	900
0.036	901
0.0347	902
0.0352	903
0.0351	904
0.0341	905
0.036	906
0.0329	907
0.0336	908
0.0318	909
0.031	910
0.0305	911
0.0312	912
0.0321	913
0.0311	914
0.032	915
0.0315	916
0.0316	917
0.0303	918
0.0301	919
0.0297	920
0.029	921
0.0293	922
0.0291	923
0.0294	924
0.0295	925
0.0295	926
0.0308	927
0.0301	928
0.0306	929
0.0308	930
0.0304	931
0.0325	932
0.0302	933
0.0304	934
0.0307	935
0.0325	936
0.0298	937
0.0305	938
0.0293	939
0.0297	940
0.0309	941
0.0304	942
0.0311	943
0.0319	944
0.0306	945
0.0314	946
0.0308	947
0.0318	948
0.0312	949
0.0303	950
0.031	951
0.0305	952
0.0315	953
0.0323	954
0.0325	955
0.0328	956
0.0321	957
0.0318	958
0.0317	959
0.0321	960
0.031	961
0.0312	962
0.0305	963
0.0307	964
0.0303	965
0.0305	966
0.0299	967
0.0297	968
0.0293	969
0.03	970
0.0292	971
0.0296	972
0.0298	973
0.0295	974
0.0307	975
0.0288	976
0.0288	977
0.0287	978
0.029	979
0.0286	980
0.0289	981
0.0287	982
0.0291	983
0.0292	984
0.0298	985
0.0299	986
0.0302	987
0.0297	988
0.0302	989
0.03	990
0.0301	991
0.0301	992
0.0303	993
0.0307	994
0.03	995
0.0298	996
0.029	997
0.0276	998
0.0274	999
0.0272	1000
0.0274	1001
0.0277	1002
0.0284	1003
0.028	1004
0.0278	1005
0.028	1006
0.0284	1007
0.0287	1008
0.0291	1009
0.03	1010
0.0303	1011
0.0298	1012
0.0303	1013
0.0291	1014
0.03	1015
0.0293	1016
0.0289	1017
0.0292	1018
0.0292	1019
0.0297	1020
0.0297	1021
0.0305	1022
0.0293	1023
0.0304	1024
0.0306	1025
0.0315	1026
0.0321	1027
0.032	1028
0.0311	1029
0.0312	1030
0.0304	1031
0.0309	1032
0.0302	1033
0.0308	1034
0.0313	1035
0.0317	1036
0.0328	1037
0.0318	1038
0.0317	1039
0.0312	1040
0.0315	1041
0.0299	1042
0.0302	1043
0.0296	1044
0.0296	1045
0.0302	1046
0.0303	1047
0.0313	1048
0.0302	1049
0.0313	1050
0.0298	1051
0.0299	1052
0.03	1053
0.0307	1054
0.0307	1055
0.0311	1056
0.0309	1057
0.0306	1058
0.0305	1059
0.0309	1060
0.0309	1061
0.0317	1062
0.0321	1063
0.0321	1064
0.0317	1065
0.031	1066
0.0312	1067
0.0322	1068
0.0323	1069
0.033	1070
0.0323	1071
0.0324	1072
0.0317	1073
0.0324	1074
0.0316	1075
0.0301	1076
0.0297	1077
0.0293	1078
0.0294	1079
0.0296	1080
0.0295	1081
0.0293	1082
0.03	1083
0.0296	1084
0.0302	1085
0.0305	1086
0.0309	1087
0.0315	1088
0.0318	1089
0.0322	1090
0.0322	1091
0.0327	1092
0.0334	1093
0.0323	1094
0.0336	1095
0.0329	1096
0.0338	1097
0.0324	1098
0.0316	1099
0.0315	1100
0.0316	1101
0.0303	1102
0.0307	1103
0.0308	1104
0.0309	1105
0.0295	1106
0.0306	1107
0.0295	1108
0.0298	1109
0.0299	1110
0.0292	1111
0.029	1112
0.029	1113
0.0281	1114
0.0285	1115
0.0287	1116
0.0287	1117
0.0278	1118
0.0283	1119
0.0281	1120
0.0287	1121
0.0282	1122
0.0293	1123
0.0287	1124
0.0297	1125
0.0296	1126
0.03	1127
0.0308	1128
0.0312	1129
0.0299	1130
0.0299	1131
0.0316	1132
0.0302	1133
0.0308	1134
0.0306	1135
0.0311	1136
0.0309	1137
0.0302	1138
0.0313	1139
0.0309	1140
0.0316	1141
0.0311	1142
0.0303	1143
0.0306	1144
0.031	1145
0.031	1146
0.0308	1147
0.0299	1148
0.03	1149
0.0296	1150
0.0287	1151
0.0288	1152
0.0283	1153
0.0277	1154
0.0279	1155
0.0273	1156
0.0282	1157
0.0272	1158
0.0269	1159
0.0269	1160
0.0271	1161
0.0273	1162
0.0276	1163
0.0274	1164
0.0278	1165
0.0274	1166
0.028	1167
0.0271	1168
0.0269	1169
0.0267	1170
0.0267	1171
0.0268	1172
0.0273	1173
0.0274	1174
0.0278	1175
0.0275	1176
0.0277	1177
0.0285	1178
0.0278	1179
0.0284	1180
0.0279	1181
0.0282	1182
0.0281	1183
0.0283	1184
0.028	1185
0.0281	1186
0.0281	1187
0.0282	1188
0.0286	1189
0.0285	1190
0.0291	1191
0.0287	1192
0.0285	1193
0.0289	1194
0.0287	1195
0.0285	1196
0.0282	1197
0.0286	1198
0.0288	1199
0.0287	1200
0.0286	1201
0.0291	1202
0.0291	1203
0.0291	1204
0.0292	1205
0.0293	1206
0.0296	1207
0.0298	1208
0.0304	1209
0.0304	1210
0.0302	1211
0.031	1212
0.0308	1213
0.0302	1214
0.0311	1215
0.0296	1216
0.0289	1217
0.0295	1218
0.0291	1219
0.0292	1220
0.0289	1221
0.0288	1222
0.0289	1223
0.029	1224
0.0283	1225
0.0279	1226
0.0278	1227
0.0278	1228
0.0278	1229
0.0278	1230
0.0278	1231
0.0278	1232
0.0278	1233
0.0278	1234
0.0278	1235
0.0278	1236
0.0278	1237
0.0278	1238
0.0278	1239
0.0278	1240
0.0278	1241
0.0278	1242
0.0278	1243
0.0278	1244
0.0278	1245
0.0278	1246
0.0278	1247
0.0278	1248
0.0278	1249
0.0278	1250
0.0278	1251
0.0278	1252
0.0278	1253
0.0278	1254
0.0278	1255
0.0278	1256
0.0278	1257
0.0278	1258
0.0278	1259
0.0278	1260
0.0278	1261
0.0278	1262
0.0278	1263
0.0278	1264
0.0278	1265
0.0278	1266
0.0278	1267
0.0278	1268
0.0278	1269
0.0278	1270
0.0278	1271
0.0278	1272
0.0278	1273
0.0278	1274
0.0278	1275
0.0278	1276
0.0278	1277
0.0278	1278
0.0278	1279
0.0278	1280
0.0278	1281
0.0278	1282
0.0278	1283
0.0278	1284
0.0278	1285
0.0278	1286
0.0278	1287
0.0278	1288
0.0278	1289
0.0278	1290
0.0278	1291
0.0278	1292
0.0278	1293
0.0278	1294
0.0278	1295
0.0278	1296
0.0278	1297
0.0278	1298
0.0278	1299
0.0278	1300
0.0278	1301
0.0278	1302
0.0278	1303
0.0278	1304
0.0278	1305
0.0278	1306
0.0278	1307
0.0278	1308
0.0278	1309
0.0278	1310
0.0278	1311
0.0278	1312
0.0278	1313
0.0278	1314
0.0278	1315
0.0278	1316
0.0278	1317
0.0278	1318
0.0278	1319
0.0278	1320
0.0278	1321
0.0278	1322
0.0278	1323
0.0278	1324
0.0278	1325
0.0278	1326
0.0278	1327
0.0278	1328
0.0278	1329
0.0278	1330
0.0278	1331
0.0278	1332
0.0278	1333
0.0278	1334
0.0278	1335
0.0278	1336
0.0278	1337
0.0278	1338
0.0278	1339
0.0278	1340
0.0278	1341
0.0278	1342
0.0278	1343
0.0278	1344
0.0278	1345
0.0278	1346
0.0278	1347
0.0278	1348
0.0278	1349
0.0278	1350
0.0278	1351
0.0278	1352
0.0278	1353
0.0278	1354
0.0278	1355
0.0278	1356
0.0278	1357
0.0278	1358
0.0278	1359
0.0278	1360
0.0278	1361
0.0278	1362
0.0278	1363
0.0278	1364
0.0278	1365
0.0278	1366
0.0278	1367
0.0278	1368
0.0278	1369
0.0278	1370
0.0278	1371
0.0278	1372
0.0278	1373
0.0278	1374
0.0278	1375
0.0278	1376
0.0278	1377
0.0278	1378
0.0278	1379
0.0278	1380
0.0278	1381
0.0278	1382
0.0278	1383
0.0278	1384
0.0278	1385
0.0278	1386
0.0278	1387
0.0278	1388
0.0278	1389
0.0278	1390
0.0278	1391
0.0278	1392
0.0278	1393
0.0278	1394
0.0278	1395
0.0278	1396
0.0278	1397
0.0278	1398
0.0278	1399
0.0278	1400
0.0278	1401
0.0278	1402
0.0278	1403
0.0278	1404
0.0278	1405
0.0278	1406
0.0278	1407
0.0278	1408
0.0278	1409
0.0278	1410
0.0278	1411
0.0278	1412
0.0278	1413
0.0278	1414
0.0278	1415
0.0278	1416
0.0278	1417
0.0278	1418
0.0278	1419
0.0278	1420
0.0278	1421
0.0278	1422
0.0278	1423
0.0278	1424
0.0278	1425
0.0278	1426
0.0278	1427
0.0278	1428
0.0278	1429
0.0278	1430
0.0278	1431
0.0278	1432
0.0278	1433
0.0278	1434
0.0278	1435
0.0278	1436
0.0278	1437
0.0278	1438
0.0278	1439
0.0278	1440
0.0278	1441
0.0278	1442
0.0278	1443
0.0278	1444
0.0278	1445
0.0278	1446
0.0278	1447
0.0278	1448
0.0278	1449
0.0278	1450
0.0278	1451
0.0278	1452
0.0278	1453
0.0278	1454
0.0278	1455
0.0278	1456
0.0278	1457
0.0278	1458
0.0278	1459
0.0278	1460
0.0278	1461
0.0278	1462
0.0278	1463
0.0278	1464
0.0278	1465
0.0278	1466
0.0278	1467
0.0278	1468
0.0278	1469
0.0278	1470
0.0278	1471
0.0278	1472
0.0278	1473
0.0278	1474
0.0278	1475
0.0278	1476
0.0278	1477
0.0278	1478
0.0278	1479
0.0278	1480
0.0278	1481
0.0278	1482
0.0278	1483
0.0278	1484
0.0278	1485
0.0278	1486
0.0278	1487
0.0278	1488
0.0278	1489
0.0278	1490
0.0278	1491
0.0278	1492
0.0278	1493
0.0278	1494
0.0278	1495
0.0278	1496
0.0278	1497
0.0278	1498
0.0278	1499
0.0278	1500
0.0278	1501
0.0278	1502
0.0278	1503
0.0278	1504
0.0278	1505
0.0278	1506
0.0278	1507
0.0278	1508
0.0278	1509
0.0278	1510
0.0278	1511
0.0278	1512
0.0278	1513
0.0278	1514
0.0278	1515
0.0278	1516
0.0278	1517
0.0278	1518
0.0278	1519
0.0278	1520
0.0278	1521
0.0278	1522
0.0278	1523
0.0278	1524
0.0278	1525
0.0278	1526
0.0278	1527
0.0278	1528
0.0278	1529
0.0278	1530
0.0278	1531
0.0278	1532
0.0278	1533
0.0278	1534
0.0278	1535
0.0278	1536
0.0278	1537
0.0278	1538
0.0278	1539
0.0278	1540
0.0278	1541
0.0278	1542
0.0278	1543
0.0278	1544
0.0278	1545
0.0278	1546
0.0278	1547
0.0278	1548
0.0278	1549
0.0278	1550
0.0278	1551
0.0278	1552
0.0278	1553
0.0278	1554
0.0278	1555
0.0278	1556
0.0278	1557
0.0278	1558
0.0278	1559
0.0278	1560
0.0278	1561
0.0278	1562
0.0278	1563
0.0278	1564
0.0278	1565
0.0278	1566
0.0278	1567
0.0278	1568
0.0278	1569
0.0278	1570
0.0278	1571
0.0278	1572
0.0278	1573
0.0278	1574
0.0278	1575
0.0278	1576
0.0278	1577
0.0278	1578
0.0278	1579
0.0278	1580
0.0278	1581
0.0278	1582
0.0278	1583
0.0278	1584
0.0278	1585
0.0278	1586
0.0278	1587
0.0278	1588
0.0278	1589
0.0278	1590
0.0278	1591
0.0278	1592
0.0278	1593
0.0278	1594
0.0278	1595
0.0278	1596
0.0278	1597
0.0278	1598
0.0278	1599
0.0278	1600
0.0278	1601
0.0278	1602
0.0278	1603
0.0278	1604
0.0278	1605
0.0278	1606
0.0278	1607
0.0278	1608
0.0278	1609
0.0278	1610
0.0278	1611
0.0278	1612
0.0278	1613
0.0278	1614
0.0278	1615
0.0278	1616
0.0278	1617
0.0278	1618
0.0278	1619
0.0278	1620
0.0278	1621
0.0278	1622
0.0278	1623
0.0278	1624
0.0278	1625
0.0278	1626
0.0278	1627
0.0278	1628
0.0278	1629
0.0278	1630
0.0278	1631
0.0278	1632
0.0278	1633
0.0278	1634
0.0278	1635
0.0278	1636
0.0278	1637
0.0278	1638
0.0278	1639
0.0278	1640
0.0278	1641
0.0278	1642
0.0278	1643
0.0278	1644
0.0278	1645
0.0278	1646
0.0278	1647
0.0278	1648
0.0278	1649
0.0278	1650
0.0278	1651
0.0278	1652
0.0278	1653
0.0278	1654
0.0278	1655
0.0278	1656
0.0278	1657
0.0278	1658
0.0278	1659
0.0278	1660
0.0278	1661
0.0278	1662
0.0278	1663
0.0278	1664
0.0278	1665
0.0278	1666
0.0278	1667
0.0278	1668
0.0278	1669
0.0278	1670
0.0278	1671
0.0278	1672
0.0278	1673
0.0278	1674
0.0278	1675
0.0278	1676
0.0278	1677
0.0278	1678
0.0278	1679
0.0278	1680
0.0278	1681
0.0278	1682
0.0278	1683
0.0278	1684
0.0278	1685
0.0278	1686
0.0278	1687
0.0278	1688
0.0278	1689
0.0278	1690
0.0278	1691
0.0278	1692
0.0278	1693
0.0278	1694
0.0278	1695
0.0278	1696
0.0278	1697
0.0278	1698
0.0278	1699
0.0278	1700
0.0278	1701
0.0278	1702
0.0278	1703
0.0278	1704
0.0278	1705
0.0278	1706
0.0278	1707
0.0278	1708
0.0278	1709
0.0278	1710
0.0278	1711
0.0278	1712
0.0278	1713
0.0278	1714
0.0278	1715
0.0278	1716
0.0278	1717
0.0278	1718
0.0278	1719
0.0278	1720
0.0278	1721
0.0278	1722
0.0278	1723
0.0278	1724
0.0278	1725
0.0278	1726
0.0278	1727
0.0278	1728
0.0278	1729
0.0278	1730
0.0278	1731
0.0278	1732
0.0278	1733
0.0278	1734
0.0278	1735
0.0278	1736
0.0278	1737
0.0278	1738
0.0278	1739
0.0278	1740
0.0278	1741
0.0278	1742
0.0278	1743
0.0278	1744
0.0278	1745
0.0278	1746
0.0278	1747
0.0278	1748
0.0278	1749
0.0278	1750
0.0278	1751
0.0278	1752
0.0278	1753
0.0278	1754
0.0278	1755
0.0278	1756
0.0278	1757
0.0278	1758
0.0278	1759
0.0278	1760
0.0278	1761
0.0278	1762
0.0278	1763
0.0278	1764
0.0278	1765
0.0278	1766
0.0278	1767
0.0278	1768
0.0278	1769
0.0278	1770
0.0278	1771
0.0278	1772
0.0278	1773
0.0278	1774
0.0278	1775
0.0278	1776
0.0278	1777
0.0278	1778
0.0278	1779
0.0278	1780
0.0278	1781
0.0278	1782
0.0278	1783
0.0278	1784
0.0278	1785
0.0278	1786
0.0278	1787
0.0278	1788
0.0278	1789
0.0278	1790
0.0278	1791
0.0278	1792
0.0278	1793
0.0278	1794
0.0278	1795
0.0278	1796
0.0278	1797
0.0278	1798
0.0278	1799
0.0278	1800
0.0278	1801
0.0278	1802
0.0278	1803
0.0278	1804
0.0278	1805
0.0278	1806
0.0278	1807
0.0278	1808
0.0278	1809
0.0278	1810
0.0278	1811
0.0278	1812
0.0278	1813
0.0278	1814
0.0278	1815
0.0278	1816
0.0278	1817
0.0278	1818
0.0278	1819
0.0278	1820
0.0278	1821
0.0278	1822
0.0278	1823
0.0278	1824
0.0278	1825
0.0278	1826
0.0278	1827
0.0278	1828
0.0278	1829
0.0278	1830
0.0278	1831
0.0278	1832
0.0278	1833
0.0278	1834
0.0278	1835
0.0278	1836
0.0278	1837
0.0278	1838
0.0278	1839
0.0278	1840
0.0278	1841
0.0278	1842
0.0278	1843
0.0278	1844
0.0278	1845
0.0278	1846
0.0278	1847
0.0278	1848
0.0278	1849
0.0278	1850
0.0278	1851
0.0278	1852
0.0278	1853
0.0278	1854
0.0278	1855
0.0278	1856
0.0278	1857
0.0278	1858
0.0278	1859
0.0278	1860
0.0278	1861
0.0278	1862
0.0278	1863
0.0278	1864
0.0278	1865
0.0278	1866
0.0278	1867
0.0278	1868
0.0278	1869
0.0278	1870
0.0278	1871
0.0278	1872
0.0278	1873
0.0278	1874
0.0278	1875
0.0278	1876
0.0278	1877
0.0278	1878
0.0278	1879
0.0278	1880
0.0278	1881
0.0278	1882
0.0278	1883
0.0278	1884
0.0278	1885
0.0278	1886
0.0278	1887
0.0278	1888
0.0278	1889
0.0278	1890
0.0278	1891
0.0278	1892
0.0278	1893
0.0278	1894
0.0278	1895
0.0278	1896
0.0278	1897
0.0278	1898
0.0278	1899
0.0278	1900
0.0278	1901
0.0278	1902
0.0278	1903
0.0278	1904
0.0278	1905
0.0278	1906
0.0278	1907
0.0278	1908
0.0278	1909
0.0278	1910
0.0278	1911
0.0278	1912
0.0278	1913
0.0278	1914
0.0278	1915
0.0278	1916
0.0278	1917
0.0278	1918
0.0278	1919
0.0278	1920
0.0278	1921
0.0278	1922
0.0278	1923
0.0278	1924
0.0278	1925
0.0278	1926
0.0278	1927
0.0278	1928
0.0278	1929
0.0278	1930
0.0278	1931
0.0278	1932
0.0278	1933
0.0278	1934
0.0278	1935
0.0278	1936
0.0278	1937
0.0278	1938
0.0278	1939
0.0278	1940
0.0278	1941
0.0278	1942
0.0278	1943
0.0278	1944
0.0278	1945
0.0278	1946
0.0278	1947
0.0278	1948
0.0278	1949
0.0278	1950
0.0278	1951
0.0278	1952
0.0278	1953
0.0278	1954
0.0278	1955
0.0278	1956
0.0278	1957
0.0278	1958
0.0278	1959
0.0278	1960
0.0278	1961
0.0278	1962
0.0278	1963
0.0278	1964
0.0278	1965
0.0278	1966
0.0278	1967
0.0278	1968
0.0278	1969
0.0278	1970
0.0278	1971
0.0278	1972
0.0278	1973
0.0278	1974
0.0278	1975
0.0278	1976
0.0278	1977
0.0278	1978
0.0278	1979
0.0278	1980
0.0278	1981
0.0278	1982
0.0278	1983
0.0278	1984
0.0278	1985
0.0278	1986
0.0278	1987
0.0278	1988
0.0278	1989
0.0278	1990
0.0278	1991
0.0278	1992
0.0278	1993
0.0278	1994
0.0278	1995
0.0278	1996
0.0278	1997
0.0278	1998
0.0278	1999
0.0278	2000
0.0278	2001
0.0278	2002
0.0278	2003
0.0278	2004
0.0278	2005
0.0278	2006
0.0278	2007
0.0278	2008
0.0278	2009
0.0278	2010
0.0278	2011
0.0278	2012
0.0278	2013
0.0278	2014
0.0278	2015
0.0278	2016
0.0278	2017
0.0278	2018
0.0278	2019
0.0278	2020
0.0278	2021
0.0278	2022
0.0278	2023
0.0278	2024
0.0278	2025
0.0278	2026
0.0278	2027
0.0278	2028
0.0278	2029
0.0278	2030
0.0278	2031
0.0278	2032
0.0278	2033
0.0278	2034
0.0278	2035
0.0278	2036
0.0278	2037
0.0278	2038
0.0278	2039
0.0278	2040
0.0278	2041
0.0278	2042
0.0278	2043
0.0278	2044
0.0278	2045
0.0278	2046
0.0278	2047
0.0278	2048
0.0278	2049
0.0278	2050
0.0278	2051
0.0278	2052
0.0278	2053
0.0278	2054
0.0278	2055
0.0278	2056
0.0278	2057
0.0278	2058
0.0278	2059
0.0278	2060
0.0278	2061
0.0278	2062
0.0278	2063
0.0278	2064
0.0278	2065
0.0278	2066
0.0278	2067
0.0278	2068
0.0278	2069
0.0278	2070
0.0278	2071
0.0278	2072
0.0278	2073
0.0278	2074
0.0278	2075
0.0278	2076
0.0278	2077
0.0278	2078
0.0278	2079
0.0278	2080
0.0278	2081
0.0278	2082
0.0278	2083
0.0278	2084
0.0278	2085
0.0278	2086
0.0278	2087
0.0278	2088
0.0278	2089
0.0278	2090
0.0278	2091
0.0278	2092
0.0278	2093
0.0278	2094
0.0278	2095
0.0278	2096
0.0278	2097
0.0278	2098
0.0278	2099
0.0278	2100
0.0278	2101
0.0278	2102
0.0278	2103
0.0278	2104
0.0278	2105
0.0278	2106
0.0278	2107
0.0278	2108
0.0278	2109
0.0278	2110
0.0278	2111
0.0278	2112
0.0278	2113
0.0278	2114
0.0278	2115
0.0278	2116
0.0278	2117
0.0278	2118
0.0278	2119
0.0278	2120
0.0278	2121
0.0278	2122
0.0278	2123
0.0278	2124
0.0278	2125
0.0278	2126
0.0278	2127
0.0278	2128
0.0278	2129
0.0278	2130
0.0278	2131
0.0278	2132
0.0278	2133
0.0278	2134
0.0278	2135
0.0278	2136
0.0278	2137
0.0278	2138
0.0278	2139
0.0278	2140
0.0278	2141
0.0278	2142
0.0278	2143
0.0278	2144
0.0278	2145
0.0278	2146
0.0278	2147
0.0278	2148
0.0278	2149
0.0278	2150
0.0278	2151
0.0278	2152
0.0278	2153
0.0278	2154
0.0278	2155
0.0278	2156
0.0278	2157
0.0278	2158
0.0278	2159
0.0278	2160
0.0278	2161
0.0278	2162
0.0278	2163
0.0278	2164
0.0278	2165
0.0278	2166
0.0278	2167
0.0278	2168
0.0278	2169
0.0278	2170
0.0278	2171
0.0278	2172
0.0278	2173
0.0278	2174
0.0278	2175
0.0278	2176
0.0278	2177
0.0278	2178
0.0278	2179
0.0278	2180
0.0278	2181
0.0278	2182
0.0278	2183
0.0278	2184
0.0278	2185
0.0278	2186
0.0278	2187
0.0278	2188
0.0278	2189
0.0278	2190
0.0278	2191
0.0278	2192
0.0278	2193
0.0278	2194
0.0278	2195
0.0278	2196
0.0278	2197
0.0278	2198
0.0278	2199
0.0278	2200
0.0278	2201
0.0278	2202
0.0278	2203
0.0278	2204
0.0278	2205
0.0278	2206
0.0278	2207
0.0278	2208
0.0278	2209
0.0278	2210
0.0278	2211
0.0278	2212
0.0278	2213
0.0278	2214
0.0278	2215
0.0278	2216
0.0278	2217
0.0278	2218
0.0278	2219
0.0278	2220
0.0278	2221
0.0278	2222
0.0278	2223
0.0278	2224
0.0278	2225
0.0278	2226
0.0278	2227
0.0278	2228
0.0278	2229
0.0278	2230
0.0278	2231
0.0278	2232
0.0278	2233
0.0278	2234
0.0278	2235
0.0278	2236
0.0278	2237
0.0278	2238
0.0278	2239
0.0278	2240
0.0278	2241
0.0278	2242
0.0278	2243
0.0278	2244
0.0278	2245
0.0278	2246
0.0278	2247
0.0278	2248
0.0278	2249
0.0278	2250
0.0278	2251
0.0278	2252
0.0278	2253
0.0278	2254
0.0278	2255
0.0278	2256
0.0278	2257
0.0278	2258
0.0278	2259
0.0278	2260
0.0278	2261
0.0278	2262
0.0278	2263
0.0278	2264
0.0278	2265
0.0278	2266
0.0278	2267
0.0278	2268
0.0278	2269
0.0278	2270
0.0278	2271
0.0278	2272
0.0278	2273
0.0278	2274
0.0278	2275
0.0278	2276
0.0278	2277
0.0278	2278
0.0278	2279
0.0278	2280
0.0278	2281
0.0278	2282
0.0278	2283
0.0278	2284
0.0278	2285
0.0278	2286
0.0278	2287
0.0278	2288
0.0278	2289
0.0278	2290
0.0278	2291
0.0278	2292
0.0278	2293
0.0278	2294
0.0278	2295
0.0278	2296
0.0278	2297
0.0278	2298
0.0278	2299
0.0278	2300
0.0278	2301
0.0278	2302
0.0278	2303
0.0278	2304
0.0278	2305
0.0278	2306
0.0278	2307
0.0278	2308
0.0278	2309
0.0278	2310
0.0278	2311
0.0278	2312
0.0278	2313
0.0278	2314
0.0278	2315
0.0278	2316
0.0278	2317
0.0278	2318
0.0278	2319
0.0278	2320
0.0278	2321
0.0278	2322
0.0278	2323
0.0278	2324
0.0278	2325
0.0278	2326
0.0278	2327
0.0278	2328
0.0278	2329
0.0278	2330
0.0278	2331
0.0278	2332
0.0278	2333
0.0278	2334
0.0278	2335
0.0278	2336
0.0278	2337
0.0278	2338
0.0278	2339
0.0278	2340
0.0278	2341
0.0278	2342
0.0278	2343
0.0278	2344
0.0278	2345
0.0278	2346
0.0278	2347
0.0278	2348
0.0278	2349
0.0278	2350
0.0278	2351
0.0278	2352
0.0278	2353
0.0278	2354
0.0278	2355
0.0278	2356
0.0278	2357
0.0278	2358
0.0278	2359
0.0278	2360
0.0278	2361
0.0278	2362
0.0278	2363
0.0278	2364
0.0278	2365
0.0278	2366
0.0278	2367
0.0278	2368
0.0278	2369
0.0278	2370
0.0278	2371
0.0278	2372
0.0278	2373
0.0278	2374
0.0278	2375
0.0278	2376
0.0278	2377
0.0278	2378
0.0278	2379
0.0278	2380
0.0278	2381
0.0278	2382
0.0278	2383
0.0278	2384
0.0278	2385
0.0278	2386
0.0278	2387
0.0278	2388
0.0278	2389
0.0278	2390
0.0278	2391
0.0278	2392
0.0278	2393
0.0278	2394
0.0278	2395
0.0278	2396
0.0278	2397
0.0278	2398
0.0278	2399
0.0278	2400
0.0278	2401
0.0278	2402
0.0278	2403
0.0278	2404
0.0278	2405
0.0278	2406
0.0278	2407
0.0278	2408
0.0278	2409
0.0278	2410
0.0278	2411
0.0278	2412
0.0278	2413
0.0278	2414
0.0278	2415
0.0278	2416
0.0278	2417
0.0278	2418
0.0278	2419
0.0278	2420
0.0278	2421
0.0278	2422
0.0278	2423
0.0278	2424
0.0278	2425
0.0278	2426
0.0278	2427
0.0278	2428
0.0278	2429
0.0278	2430
0.0278	2431
0.0278	2432
0.0278	2433
0.0278	2434
0.0278	2435
0.0278	2436
0.0278	2437
0.0278	2438
0.0278	2439
0.0278	2440
0.0278	2441
0.0278	2442
0.0278	2443
0.0278	2444
0.0278	2445
0.0278	2446
0.0278	2447
0.0278	2448
0.0278	2449
0.0278	2450
0.0278	2451
0.0278	2452
0.0278	2453
0.0278	2454
0.0278	2455
0.0278	2456
0.0278	2457
0.0278	2458
0.0278	2459
0.0278	2460
0.0278	2461
0.0278	2462
0.0278	2463
0.0278	2464
0.0278	2465
0.0278	2466
0.0278	2467
0.0278	2468
0.0278	2469
0.0278	2470
0.0278	2471
0.0278	2472
0.0278	2473
0.0278	2474
0.0278	2475
0.0278	2476
0.0278	2477
0.0278	2478
0.0278	2479
0.0278	2480
0.0278	2481
0.0278	2482
0.0278	2483
0.0278	2484
0.0278	2485
0.0278	2486
0.0278	2487
0.0278	2488
0.0278	2489
0.0278	2490
0.0278	2491
0.0278	2492
0.0278	2493
0.0278	2494
0.0278	2495
0.0278	2496
0.0278	2497
0.0278	2498
0.0278	2499
0.0278	2500
0.0278	2501
0.0278	2502
0.0278	2503
0.0278	2504
0.0278	2505
0.0278	2506
0.0278	2507
0.0278	2508
0.0278	2509
0.0278	2510
0.0278	2511
0.0278	2512
0.0278	2513
0.0278	2514
0.0278	2515
0.0278	2516
0.0278	2517
0.0278	2518
0.0278	2519
0.0278	2520
0.0278	2521
0.0278	2522
0.0278	2523
0.0278	2524
0.0278	2525
0.0278	2526
0.0278	2527
0.0278	2528
0.0278	2529
0.0278	2530
0.0278	2531
0.0278	2532
0.0278	2533
0.0278	2534
0.0278	2535
0.0278	2536
0.0278	2537
0.0278	2538
0.0278	2539
0.0278	2540
0.0278	2541
0.0278	2542
0.0278	2543
0.0278	2544
0.0278	2545
0.0278	2546
0.0278	2547
0.0278	2548
0.0278	2549
0.0278	2550
0.0278	2551
0.0278	2552
0.0278	2553
0.0278	2554
0.0278	2555
0.0278	2556
0.0278	2557
0.0278	2558
0.0278	2559
0.0278	2560
0.0278	2561
0.0278	2562
0.0278	2563
0.0278	2564
0.0278	2565
0.0278	2566
0.0278	2567
0.0278	2568
0.0278	2569
0.0278	2570
0.0278	2571
0.0278	2572
0.0278	2573
0.0278	2574
0.0278	2575
0.0278	2576
0.0278	2577
0.0278	2578
0.0278	2579
0.0278	2580
0.0278	2581
0.0278	2582
0.0278	2583
0.0278	2584
0.0278	2585
0.0278	2586
0.0278	2587
0.0278	2588
0.0278	2589
0.0278	2590
0.0278	2591
0.0278	2592
0.0278	2593
0.0278	2594
0.0278	2595
0.0278	2596
0.0278	2597
0.0278	2598
0.0278	2599
0.0278	2600
0.0278	2601
0.0278	2602
0.0278	2603
0.0278	2604
0.0278	2605
0.0278	2606
0.0278	2607
0.0278	2608
0.0278	2609
0.0278	2610
0.0278	2611
0.0278	2612
0.0278	2613
0.0278	2614
0.0278	2615
0.0278	2616
0.0278	2617
0.0278	2618
0.0278	2619
0.0278	2620
0.0278	2621
0.0278	2622
0.0278	2623
0.0278	2624
0.0278	2625
0.0278	2626
0.0278	2627
0.0278	2628
0.0278	2629
0.0278	2630
0.0278	2631
0.0278	2632
0.0278	2633
0.0278	2634
0.0278	2635
0.0278	2636
0.0278	2637
0.0278	2638
0.0278	2639
0.0278	2640
0.0278	2641
0.0278	2642
0.0278	2643
0.0278	2644
0.0278	2645
0.0278	2646
0.0278	2647
0.0278	2648
0.0278	2649
0.0278	2650
0.0278	2651
0.0278	2652
0.0278	2653
0.0278	2654
0.0278	2655
0.0278	2656
0.0278	2657
0.0278	2658
0.0278	2659
0.0278	2660
0.0278	2661
0.0278	2662
0.0278	2663
0.0278	2664
0.0278	2665
0.0278	2666
0.0278	2667
0.0278	2668
0.0278	2669
0.0278	2670
0.0278	2671
0.0278	2672
0.0278	2673
0.0278	2674
0.0278	2675
0.0278	2676
0.0278	2677
0.0278	2678
0.0278	2679
0.0278	2680
0.0278	2681
0.0278	2682
0.0278	2683
0.0278	2684
0.0278	2685
0.0278	2686
0.0278	2687
0.0278	2688
0.0278	2689
0.0278	2690
0.0278	2691
0.0278	2692
0.0278	2693
0.0278	2694
0.0278	2695
0.0278	2696
0.0278	2697
0.0278	2698
0.0278	2699
0.0278	2700
0.0278	2701
0.0278	2702
0.0278	2703
0.0278	2704
0.0278	2705
0.0278	2706
0.0278	2707
0.0278	2708
0.0278	2709
0.0278	2710
0.0278	2711
0.0278	2712
0.0278	2713
0.0278	2714
0.0278	2715
0.0278	2716
0.0278	2717
0.0278	2718
0.0278	2719
0.0278	2720
0.0278	2721
0.0278	2722
0.0278	2723
0.0278	2724
0.0278	2725
0.0278	2726
0.0278	2727
0.0278	2728
0.0278	2729
0.0278	2730
0.0278	2731
0.0278	2732
0.0278	2733
0.0278	2734
0.0278	2735
0.0278	2736
0.0278	2737
0.0278	2738
0.0278	2739
0.0278	2740
0.0278	2741
0.0278	2742
0.0278	2743
0.0278	2744
0.0278	2745
0.0278	2746
0.0278	2747
0.0278	2748
0.0278	2749
0.0278	2750
0.0278	2751
0.0278	2752
0.0278	2753
0.0278	2754
0.0278	2755
0.0278	2756
0.0278	2757
0.0278	2758
0.0278	2759
0.0278	2760
0.0278	2761
0.0278	2762
0.0278	2763
0.0278	2764
0.0278	2765
0.0278	2766
0.0278	2767
0.0278	2768
0.0278	2769
0.0278	2770
0.0278	2771
0.0278	2772
0.0278	2773
0.0278	2774
0.0278	2775
0.0278	2776
0.0278	2777
0.0278	2778
0.0278	2779
0.0278	2780
0.0278	2781
0.0278	2782
0.0278	2783
0.0278	2784
0.0278	2785
0.0278	2786
0.0278	2787
0.0278	2788
0.0278	2789
0.0278	2790
0.0278	2791
0.0278	2792
0.0278	2793
0.0278	2794
0.0278	2795
0.0278	2796
0.0278	2797
0.0278	2798
0.0278	2799
0.0278	2800
0.0278	2801
0.0278	2802
0.0278	2803
0.0278	2804
0.0278	2805
0.0278	2806
0.0278	2807
0.0278	2808
0.0278	2809
0.0278	2810
0.0278	2811
0.0278	2812
0.0278	2813
0.0278	2814
0.0278	2815
0.0278	2816
0.0278	2817
0.0278	2818
0.0278	2819
0.0278	2820
0.0278	2821
0.0278	2822
0.0278	2823
0.0278	2824
0.0278	2825
0.0278	2826
0.0278	2827
0.0278	2828
0.0278	2829
0.0278	2830
0.0278	2831
0.0278	2832
0.0278	2833
0.0278	2834
0.0278	2835
0.0278	2836
0.0278	2837
0.0278	2838
0.0278	2839
0.0278	2840
0.0278	2841
0.0278	2842
0.0278	2843
0.0278	2844
0.0278	2845
0.0278	2846
0.0278	2847
0.0278	2848
0.0278	2849
0.0278	2850
0.0278	2851
0.0278	2852
0.0278	2853
0.0278	2854
0.0278	2855
0.0278	2856
0.0278	2857
0.0278	2858
0.0278	2859
0.0278	2860
0.0278	2861
0.0278	2862
0.0278	2863
0.0278	2864
0.0278	2865
0.0278	2866
0.0278	2867
0.0278	2868
0.0278	2869
0.0278	2870
0.0278	2871
0.0278	2872
0.0278	2873
0.0278	2874
0.0278	2875
0.0278	2876
0.0278	2877
0.0278	2878
0.0278	2879
0.0278	2880
0.0278	2881
0.0278	2882
0.0278	2883
0.0278	2884
0.0278	2885
0.0278	2886
0.0278	2887
0.0278	2888
0.0278	2889
0.0278	2890
0.0278	2891
0.0278	2892
0.0278	2893
0.0278	2894
0.0278	2895
0.0278	2896
0.0278	2897
0.0278	2898
0.0278	2899
0.0278	2900
0.0278	2901
0.0278	2902
0.0278	2903
0.0278	2904
0.0278	2905
0.0278	2906
0.0278	2907
0.0278	2908
0.0278	2909
0.0278	2910
0.0278	2911
0.0278	2912
0.0278	2913
0.0278	2914
0.0278	2915
0.0278	2916
0.0278	2917
0.0278	2918
0.0278	2919
0.0278	2920
0.0278	2921
0.0278	2922
0.0278	2923
0.0278	2924
0.0278	2925
0.0278	2926
0.0278	2927
0.0278	2928
0.0278	2929
0.0278	2930
0.0278	2931
0.0278	2932
0.0278	2933
0.0278	2934
0.0278	2935
0.0278	2936
0.0278	2937
0.0278	2938
0.0278	2939
0.0278	2940
0.0278	2941
0.0278	2942
0.0278	2943
0.0278	2944
0.0278	2945
0.0278	2946
0.0278	2947
0.0278	2948
0.0278	2949
0.0278	2950
0.0278	2951
0.0278	2952
0.0278	2953
0.0278	2954
0.0278	2955
0.0278	2956
0.0278	2957
0.0278	2958
0.0278	2959
0.0278	2960
0.0278	2961
0.0278	2962
0.0278	2963
0.0278	2964
0.0278	2965
0.0278	2966
0.0278	2967
0.0278	2968
0.0278	2969
0.0278	2970
0.0278	2971
0.0278	2972
0.0278	2973
0.0278	2974
0.0278	2975
0.0278	2976
0.0278	2977
0.0278	2978
0.0278	2979
0.0278	2980
0.0278	2981
0.0278	2982
0.0278	2983
0.0278	2984
0.0278	2985
0.0278	2986
0.0278	2987
0.0278	2988
0.0278	2989
0.0278	2990
0.0278	2991
0.0278	2992
0.0278	2993
0.0278	2994
0.0278	2995
0.0278	2996
0.0278	2997
0.0278	2998
0.0278	2999
0.0278	3000
0.0278	3001
0.0278	3002
0.0278	3003
0.0278	3004
0.0278	3005
0.0278	3006
0.0278	3007
0.0278	3008
0.0278	3009
0.0278	3010
0.0278	3011
0.0278	3012
0.0278	3013
0.0278	3014
0.0278	3015
0.0278	3016
0.0278	3017
0.0278	3018
0.0278	3019
0.0278	3020
0.0278	3021
0.0278	3022
0.0278	3023
0.0278	3024
0.0278	3025
0.0278	3026
0.0278	3027
0.0278	3028
0.0278	3029
0.0278	3030
0.0278	3031
0.0278	3032
0.0278	3033
0.0278	3034
0.0278	3035
0.0278	3036
0.0278	3037
0.0278	3038
0.0278	3039
0.0278	3040
0.0278	3041
0.0278	3042
0.0278	3043
0.0278	3044
0.0278	3045
0.0278	3046
0.0278	3047
0.0278	3048
0.0278	3049
0.0278	3050
0.0278	3051
0.0278	3052
0.0278	3053
0.0278	3054
0.0278	3055
0.0278	3056
0.0278	3057
0.0278	3058
0.0278	3059
0.0278	3060
0.0278	3061
0.0278	3062
0.0278	3063
0.0278	3064
0.0278	3065
0.0278	3066
0.0278	3067
0.0278	3068
0.0278	3069
0.0278	3070
0.0278	3071
0.0278	3072
0.0278	3073
0.0278	3074
0.0278	3075
0.0278	3076
0.0278	3077
0.0278	3078
0.0278	3079
0.0278	3080
0.0278	3081
0.0278	3082
0.0278	3083
0.0278	3084
0.0278	3085
0.0278	3086
0.0278	3087
0.0278	3088
0.0278	3089
0.0278	3090
0.0278	3091
0.0278	3092
0.0278	3093
0.0278	3094
0.0278	3095
0.0278	3096
0.0278	3097
0.0278	3098
0.0278	3099
0.0278	3100
0.0278	3101
0.0278	3102
0.0278	3103
0.0278	3104
0.0278	3105
0.0278	3106
0.0278	3107
0.0278	3108
0.0278	3109
0.0278	3110
0.0278	3111
0.0278	3112
0.0278	3113
0.0278	3114
0.0278	3115
0.0278	3116
0.0278	3117
0.0278	3118
0.0278	3119
0.0278	3120
0.0278	3121
0.0278	3122
0.0278	3123
0.0278	3124
0.0278	3125
0.0278	3126
0.0278	3127
0.0278	3128
0.0278	3129
0.0278	3130
0.0278	3131
0.0278	3132
0.0278	3133
0.0278	3134
0.0278	3135
0.0278	3136
0.0278	3137
0.0278	3138
0.0278	3139
0.0278	3140
0.0278	3141
0.0278	3142
0.0278	3143
0.0278	3144
0.0278	3145
0.0278	3146
0.0278	3147
0.0278	3148
0.0278	3149
0.0278	3150
0.0278	3151
0.0278	3152
0.0278	3153
0.0278	3154
0.0278	3155
0.0278	3156
0.0278	3157
0.0278	3158
0.0278	3159
0.0278	3160
0.0278	3161
0.0278	3162
0.0278	3163
0.0278	3164
0.0278	3165
0.0278	3166
0.0278	3167
0.0278	3168
0.0278	3169
0.0278	3170
0.0278	3171
0.0278	3172
0.0278	3173
0.0278	3174
0.0278	3175
0.0278	3176
0.0278	3177
0.0278	3178
0.0278	3179
0.0278	3180
0.0278	3181
0.0278	3182
0.0278	3183
0.0278	3184
0.0278	3185
0.0278	3186
0.0278	3187
0.0278	3188
0.0278	3189
0.0278	3190
0.0278	3191
0.0278	3192
0.0278	3193
0.0278	3194
0.0278	3195
0.0278	3196
0.0278	3197
0.0278	3198
0.0278	3199
0.0278	3200
0.0278	3201
0.0278	3202
0.0278	3203
0.0278	3204
0.0278	3205
0.0278	3206
0.0278	3207
0.0278	3208
0.0278	3209
0.0278	3210
0.0278	3211
0.0278	3212
0.0278	3213
0.0278	3214
0.0278	3215
0.0278	3216
0.0278	3217
0.0278	3218
0.0278	3219
0.0278	3220
0.0278	3221
0.0278	3222
0.0278	3223
0.0278	3224
0.0278	3225
0.0278	3226
0.0278	3227
0.0278	3228
0.0278	3229
0.0278	3230
0.0278	3231
0.0278	3232
0.0278	3233
0.0278	3234
0.0278	3235
0.0278	3236
0.0278	3237
0.0278	3238
0.0278	3239
0.0278	3240
0.0278	3241
0.0278	3242
0.0278	3243
0.0278	3244
0.0278	3245
0.0278	3246
0.0278	3247
0.0278	3248
0.0278	3249
0.0278	3250
0.0278	3251
0.0278	3252
0.0278	3253
0.0278	3254
0.0278	3255
0.0278	3256
0.0278	3257
0.0278	3258
0.0278	3259
0.0278	3260
0.0278	3261
0.0278	3262
0.0278	3263
0.0278	3264
0.0278	3265
0.0278	3266
0.0278	3267
0.0278	3268
0.0278	3269
0.0278	3270
0.0278	3271
0.0278	3272
0.0278	3273
0.0278	3274
0.0278	3275
0.0278	3276
0.0278	3277
0.0278	3278
0.0278	3279
0.0278	3280
0.0278	3281
0.0278	3282
0.0278	3283
0.0278	3284
0.0278	3285
0.0278	3286
0.0278	3287
0.0278	3288
0.0278	3289
0.0278	3290
0.0278	3291
0.0278	3292
0.0278	3293
0.0278	3294
0.0278	3295
0.0278	3296
0.0278	3297
0.0278	3298
0.0278	3299
0.0278	3300
0.0278	3301
0.0278	3302
0.0278	3303
0.0278	3304
0.0278	3305
0.0278	3306
0.0278	3307
0.0278	3308
0.0278	3309
0.0278	3310
0.0278	3311
0.0278	3312
0.0278	3313
0.0278	3314
0.0278	3315
0.0278	3316
0.0278	3317
0.0278	3318
0.0278	3319
0.0278	3320
0.0278	3321
0.0278	3322
0.0278	3323
0.0278	3324
0.0278	3325
0.0278	3326
0.0278	3327
0.0278	3328
0.0278	3329
0.0278	3330
0.0278	3331
0.0278	3332
0.0278	3333
0.0278	3334
0.0278	3335
0.0278	3336
0.0278	3337
0.0278	3338
0.0278	3339
0.0278	3340
0.0278	3341
0.0278	3342
0.0278	3343
0.0278	3344
0.0278	3345
0.0278	3346
0.0278	3347
0.0278	3348
0.0278	3349
0.0278	3350
0.0278	3351
0.0278	3352
0.0278	3353
0.0278	3354
0.0278	3355
0.0278	3356
0.0278	3357
0.0278	3358
0.0278	3359
0.0278	3360
0.0278	3361
0.0278	3362
0.0278	3363
0.0278	3364
0.0278	3365
0.0278	3366
0.0278	3367
0.0278	3368
0.0278	3369
0.0278	3370
0.0278	3371
0.0278	3372
0.0278	3373
0.0278	3374
0.0278	3375
0.0278	3376
0.0278	3377
0.0278	3378
0.0278	3379
0.0278	3380
0.0278	3381
0.0278	3382
0.0278	3383
0.0278	3384
0.0278	3385
0.0278	3386
0.0278	3387
0.0278	3388
0.0278	3389
0.0278	3390
0.0278	3391
0.0278	3392
0.0278	3393
0.0278	3394
0.0278	3395
0.0278	3396
0.0278	3397
0.0278	3398
0.0278	3399
0.0278	3400
0.0278	3401
0.0278	3402
0.0278	3403
0.0278	3404
0.0278	3405
0.0278	3406
0.0278	3407
0.0278	3408
0.0278	3409
0.0278	3410
0.0278	3411
0.0278	3412
0.0278	3413
0.0278	3414
0.0278	3415
0.0278	3416
0.0278	3417
0.0278	3418
0.0278	3419
0.0278	3420
0.0278	3421
0.0278	3422
0.0278	3423
0.0278	3424
0.0278	3425
0.0278	3426
0.0278	3427
0.0278	3428
0.0278	3429
0.0278	3430
0.0278	3431
0.0278	3432
0.0278	3433
0.0278	3434
0.0278	3435
0.0278	3436
0.0278	3437
0.0278	3438
0.0278	3439
0.0278	3440
0.0278	3441
0.0278	3442
0.0278	3443
0.0278	3444
0.0278	3445
0.0278	3446
0.0278	3447
0.0278	3448
0.0278	3449
0.0278	3450
0.0278	3451
0.0278	3452
0.0278	3453
0.0278	3454
0.0278	3455
0.0278	3456
0.0278	3457
0.0278	3458
0.0278	3459
0.0278	3460
0.0278	3461
0.0278	3462
0.0278	3463
0.0278	3464
0.0278	3465
0.0278	3466
0.0278	3467
0.0278	3468
0.0278	3469
0.0278	3470
0.0278	3471
0.0278	3472
0.0278	3473
0.0278	3474
0.0278	3475
0.0278	3476
0.0278	3477
0.0278	3478
0.0278	3479
0.0278	3480
0.0278	3481
0.0278	3482
0.0278	3483
0.0278	3484
0.0278	3485
0.0278	3486
0.0278	3487
0.0278	3488
0.0278	3489
0.0278	3490
0.0278	3491
0.0278	3492
0.0278	3493
0.0278	3494
0.0278	3495
0.0278	3496
0.0278	3497
0.0278	3498
0.0278	3499
0.0278	3500
0.0278	3501
0.0278	3502
0.0278	3503
0.0278	3504
0.0278	3505
0.0278	3506
0.0278	3507
0.0278	3508
0.0278	3509
0.0278	3510
0.0278	3511
0.0278	3512
0.0278	3513
0.0278	3514
0.0278	3515
0.0278	3516
0.0278	3517
0.0278	3518
0.0278	3519
0.0278	3520
0.0278	3521
0.0278	3522
0.0278	3523
0.0278	3524
0.0278	3525
0.0278	3526
0.0278	3527
0.0278	3528
0.0278	3529
0.0278	3530
0.0278	3531
0.0278	3532
0.0278	3533
0.0278	3534
0.0278	3535
0.0278	3536
0.0278	3537
0.0278	3538
0.0278	3539
0.0278	3540
0.0278	3541
0.0278	3542
0.0278	3543
0.0278	3544
0.0278	3545
0.0278	3546
0.0278	3547
0.0278	3548
0.0278	3549
0.0278	3550
0.0278	3551
0.0278	3552
0.0278	3553
0.0278	3554
0.0278	3555
0.0278	3556
0.0278	3557
0.0278	3558
0.0278	3559
0.0278	3560
0.0278	3561
0.0278	3562
0.0278	3563
0.0278	3564
0.0278	3565
0.0278	3566
0.0278	3567
0.0278	3568
0.0278	3569
0.0278	3570
0.0278	3571
0.0278	3572
0.0278	3573
0.0278	3574
0.0278	3575
0.0278	3576
0.0278	3577
0.0278	3578
0.0278	3579
0.0278	3580
0.0278	3581
0.0278	3582
0.0278	3583
0.0278	3584
0.0278	3585
0.0278	3586
0.0278	3587
0.0278	3588
0.0278	3589
0.0278	3590
0.0278	3591
0.0278	3592
0.0278	3593
0.0278	3594
0.0278	3595
0.0278	3596
0.0278	3597
0.0278	3598
0.0278	3599
0.0278	3600
0.0278	3601
0.0278	3602
0.0278	3603
0.0278	3604
0.0278	3605
0.0278	3606
0.0278	3607
0.0278	3608
0.0278	3609
0.0278	3610
0.0278	3611
0.0278	3612
0.0278	3613
0.0278	3614
0.0278	3615
0.0278	3616
0.0278	3617
0.0278	3618
0.0278	3619
0.0278	3620
0.0278	3621
0.0278	3622
0.0278	3623
0.0278	3624
0.0278	3625
0.0278	3626
0.0278	3627
0.0278	3628
0.0278	3629
0.0278	3630
0.0278	3631
0.0278	3632
0.0278	3633
0.0278	3634
0.0278	3635
0.0278	3636
0.0278	3637
0.0278	3638
0.0278	3639
0.0278	3640
0.0278	3641
0.0278	3642
0.0278	3643
0.0278	3644
0.0278	3645
0.0278	3646
0.0278	3647
0.0278	3648
0.0278	3649
0.0278	3650
0.0278	3651
0.0278	3652
0.0278	3653
0.0278	3654
0.0278	3655
0.0278	3656
0.0278	3657
0.0278	3658
0.0278	3659
0.0278	3660
0.0278	3661
0.0278	3662
0.0278	3663
0.0278	3664
0.0278	3665
0.0278	3666
0.0278	3667
0.0278	3668
0.0278	3669
0.0278	3670
0.0278	3671
0.0278	3672
0.0278	3673
0.0278	3674
0.0278	3675
0.0278	3676
0.0278	3677
0.0278	3678
0.0278	3679
0.0278	3680
0.0278	3681
0.0278	3682
0.0278	3683
0.0278	3684
0.0278	3685
0.0278	3686
0.0278	3687
0.0278	3688
0.0278	3689
0.0278	3690
0.0278	3691
0.0278	3692
0.0278	3693
0.0278	3694
0.0278	3695
0.0278	3696
0.0278	3697
0.0278	3698
0.0278	3699
0.0278	3700
0.0278	3701
0.0278	3702
0.0278	3703
0.0278	3704
0.0278	3705
0.0278	3706
0.0278	3707
0.0278	3708
0.0278	3709
0.0278	3710
0.0278	3711
0.0278	3712
0.0278	3713
0.0278	3714
0.0278	3715
0.0278	3716
0.0278	3717
0.0278	3718
0.0278	3719
0.0278	3720
0.0278	3721
0.0278	3722
0.0278	3723
0.0278	3724
0.0278	3725
0.0278	3726
0.0278	3727
0.0278	3728
0.0278	3729
0.0278	3730
0.0278	3731
0.0278	3732
0.0278	3733
0.0278	3734
0.0278	3735
0.0278	3736
0.0278	3737
0.0278	3738
0.0278	3739
0.0278	3740
0.0278	3741
0.0278	3742
0.0278	3743
0.0278	3744
0.0278	3745
0.0278	3746
0.0278	3747
0.0278	3748
0.0278	3749
0.0278	3750
0.0278	3751
0.0278	3752
0.0278	3753
0.0278	3754
0.0278	3755
0.0278	3756
0.0278	3757
0.0278	3758
0.0278	3759
0.0278	3760
0.0278	3761
0.0278	3762
0.0278	3763
0.0278	3764
0.0278	3765
0.0278	3766
0.0278	3767
0.0278	3768
0.0278	3769
0.0278	3770
0.0278	3771
0.0278	3772
0.0278	3773
0.0278	3774
0.0278	3775
0.0278	3776
0.0278	3777
0.0278	3778
0.0278	3779
0.0278	3780
0.0278	3781
0.0278	3782
0.0278	3783
0.0278	3784
0.0278	3785
0.0278	3786
0.0278	3787
0.0278	3788
0.0278	3789
0.0278	3790
0.0278	3791
0.0278	3792
0.0278	3793
0.0278	3794
0.0278	3795
0.0278	3796
0.0278	3797
0.0278	3798
0.0278	3799
0.0278	3800
0.0278	3801
0.0278	3802
0.0278	3803
0.0278	3804
0.0278	3805
0.0278	3806
0.0278	3807
0.0278	3808
0.0278	3809
0.0278	3810
0.0278	3811
0.0278	3812
0.0278	3813
0.0278	3814
0.0278	3815
0.0278	3816
0.0278	3817
0.0278	3818
0.0278	3819
0.0278	3820
0.0278	3821
0.0278	3822
0.0278	3823
0.0278	3824
0.0278	3825
0.0278	3826
0.0278	3827
0.0278	3828
0.0278	3829
0.0278	3830
0.0278	3831
0.0278	3832
0.0278	3833
0.0278	3834
0.0278	3835
0.0278	3836
0.0278	3837
0.0278	3838
0.0278	3839
0.0278	3840
0.0278	3841
0.0278	3842
0.0278	3843
0.0278	3844
0.0278	3845
0.0278	3846
0.0278	3847
0.0278	3848
0.0278	3849
0.0278	3850
0.0278	3851
0.0278	3852
0.0278	3853
0.0278	3854
0.0278	3855
0.0278	3856
0.0278	3857
0.0278	3858
0.0278	3859
0.0278	3860
0.0278	3861
0.0278	3862
0.0278	3863
0.0278	3864
0.0278	3865
0.0278	3866
0.0278	3867
0.0278	3868
0.0278	3869
0.0278	3870
0.0278	3871
0.0278	3872
0.0278	3873
0.0278	3874
0.0278	3875
0.0278	3876
0.0278	3877
0.0278	3878
0.0278	3879
0.0278	3880
0.0278	3881
0.0278	3882
0.0278	3883
0.0278	3884
0.0278	3885
0.0278	3886
0.0278	3887
0.0278	3888
0.0278	3889
0.0278	3890
0.0278	3891
0.0278	3892
0.0278	3893
0.0278	3894
0.0278	3895
0.0278	3896
0.0278	3897
0.0278	3898
0.0278	3899
0.0278	3900
0.0278	3901
0.0278	3902
0.0278	3903
0.0278	3904
0.0278	3905
0.0278	3906
0.0278	3907
0.0278	3908
0.0278	3909
0.0278	3910
0.0278	3911
0.0278	3912
0.0278	3913
0.0278	3914
0.0278	3915
0.0278	3916
0.0278	3917
0.0278	3918
0.0278	3919
0.0278	3920
0.0278	3921
0.0278	3922
0.0278	3923
0.0278	3924
0.0278	3925
0.0278	3926
0.0278	3927
0.0278	3928
0.0278	3929
0.0278	3930
0.0278	3931
0.0278	3932
0.0278	3933
0.0278	3934
0.0278	3935
0.0278	3936
0.0278	3937
0.0278	3938
0.0278	3939
0.0278	3940
0.0278	3941
0.0278	3942
0.0278	3943
0.0278	3944
0.0278	3945
0.0278	3946
0.0278	3947
0.0278	3948
0.0278	3949
0.0278	3950
0.0278	3951
0.0278	3952
0.0278	3953
0.0278	3954
0.0278	3955
0.0278	3956
0.0278	3957
0.0278	3958
0.0278	3959
0.0278	3960
0.0278	3961
0.0278	3962
0.0278	3963
0.0278	3964
0.0278	3965
0.0278	3966
0.0278	3967
0.0278	3968
0.0278	3969
0.0278	3970
0.0278	3971
0.0278	3972
0.0278	3973
0.0278	3974
0.0278	3975
0.0278	3976
0.0278	3977
0.0278	3978
0.0278	3979
0.0278	3980
0.0278	3981
0.0278	3982
0.0278	3983
0.0278	3984
0.0278	3985
0.0278	3986
0.0278	3987
0.0278	3988
0.0278	3989
0.0278	3990
0.0278	3991
0.0278	3992
0.0278	3993
0.0278	3994
0.0278	3995
0.0278	3996
0.0278	3997
0.0278	3998
0.0278	3999
0.0278	4000
0.0278	4001
0.0278	4002
0.0278	4003
0.0278	4004
0.0278	4005
0.0278	4006
0.0278	4007
0.0278	4008
0.0278	4009
0.0278	4010
0.0278	4011
0.0278	4012
0.0278	4013
0.0278	4014
0.0278	4015
0.0278	4016
0.0278	4017
0.0278	4018
0.0278	4019
0.0278	4020
0.0278	4021
0.0278	4022
0.0278	4023
0.0278	4024
0.0278	4025
0.0278	4026
0.0278	4027
0.0278	4028
0.0278	4029
0.0278	4030
0.0278	4031
0.0278	4032
0.0278	4033
0.0278	4034
0.0278	4035
0.0278	4036
0.0278	4037
0.0278	4038
0.0278	4039
0.0278	4040
0.0278	4041
0.0278	4042
0.0278	4043
0.0278	4044
0.0278	4045
0.0278	4046
0.0278	4047
0.0278	4048
0.0278	4049
0.0278	4050
0.0278	4051
0.0278	4052
0.0278	4053
0.0278	4054
0.0278	4055
0.0278	4056
0.0278	4057
0.0278	4058
0.0278	4059
0.0278	4060
0.0278	4061
0.0278	4062
0.0278	4063
0.0278	4064
0.0278	4065
0.0278	4066
0.0278	4067
0.0278	4068
0.0278	4069
0.0278	4070
0.0278	4071
0.0278	4072
0.0278	4073
0.0278	4074
0.0278	4075
0.0278	4076
0.0278	4077
0.0278	4078
0.0278	4079
0.0278	4080
0.0278	4081
0.0278	4082
0.0278	4083
0.0278	4084
0.0278	4085
0.0278	4086
0.0278	4087
0.0278	4088
0.0278	4089
0.0278	4090
0.0278	4091
0.0278	4092
0.0278	4093
0.0278	4094
0.0278	4095
0.0278	4096
0.0278	4097
0.0278	4098
0.0278	4099
0.0278	4100
0.0278	4101
0.0278	4102
0.0278	4103
0.0278	4104
0.0278	4105
0.0278	4106
0.0278	4107
0.0278	4108
0.0278	4109
0.0278	4110
0.0278	4111
0.0278	4112
0.0278	4113
0.0278	4114
0.0278	4115
0.0278	4116
0.0278	4117
0.0278	4118
0.0278	4119
0.0278	4120
0.0278	4121
0.0278	4122
0.0278	4123
0.0278	4124
0.0278	4125
0.0278	4126
0.0278	4127
0.0278	4128
0.0278	4129
0.0278	4130
0.0278	4131
0.0278	4132
0.0278	4133
0.0278	4134
0.0278	4135
0.0278	4136
0.0278	4137
0.0278	4138
0.0278	4139
0.0278	4140
0.0278	4141
0.0278	4142
0.0278	4143
0.0278	4144
0.0278	4145
0.0278	4146
0.0278	4147
0.0278	4148
0.0278	4149
0.0278	4150
0.0278	4151
0.0278	4152
0.0278	4153
0.0278	4154
0.0278	4155
0.0278	4156
0.0278	4157
0.0278	4158
0.0278	4159
0.0278	4160
0.0278	4161
0.0278	4162
0.0278	4163
0.0278	4164
0.0278	4165
0.0278	4166
0.0278	4167
0.0278	4168
0.0278	4169
0.0278	4170
0.0278	4171
0.0278	4172
0.0278	4173
0.0278	4174
0.0278	4175
0.0278	4176
0.0278	4177
0.0278	4178
0.0278	4179
0.0278	4180
0.0278	4181
0.0278	4182
0.0278	4183
0.0278	4184
0.0278	4185
0.0278	4186
0.0278	4187
0.0278	4188
0.0278	4189
0.0278	4190
0.0278	4191
0.0278	4192
0.0278	4193
0.0278	4194
0.0278	4195
0.0278	4196
0.0278	4197
0.0278	4198
0.0278	4199
0.0278	4200
0.0278	4201
0.0278	4202
0.0278	4203
0.0278	4204
0.0278	4205
0.0278	4206
0.0278	4207
0.0278	4208
0.0278	4209
0.0278	4210
0.0278	4211
0.0278	4212
0.0278	4213
0.0278	4214
0.0278	4215
0.0278	4216
0.0278	4217
0.0278	4218
0.0278	4219
0.0278	4220
0.0278	4221
0.0278	4222
0.0278	4223
0.0278	4224
0.0278	4225
0.0278	4226
0.0278	4227
0.0278	4228
0.0278	4229
0.0278	4230
0.0278	4231
0.0278	4232
0.0278	4233
0.0278	4234
0.0278	4235
0.0278	4236
0.0278	4237
0.0278	4238
0.0278	4239
0.0278	4240
0.0278	4241
0.0278	4242
0.0278	4243
0.0278	4244
0.0278	4245
0.0278	4246
0.0278	4247
0.0278	4248
0.0278	4249
0.0278	4250
0.0278	4251
0.0278	4252
0.0278	4253
0.0278	4254
0.0278	4255
0.0278	4256
0.0278	4257
0.0278	4258
0.0278	4259
0.0278	4260
0.0278	4261
0.0278	4262
0.0278	4263
0.0278	4264
0.0278	4265
0.0278	4266
0.0278	4267
0.0278	4268
0.0278	4269
0.0278	4270
0.0278	4271
0.0278	4272
0.0278	4273
0.0278	4274
0.0278	4275
0.0278	4276
0.0278	4277
0.0278	4278
0.0278	4279
0.0278	4280
0.0278	4281
0.0278	4282
0.0278	4283
0.0278	4284
0.0278	4285
0.0278	4286
0.0278	4287
0.0278	4288
0.0278	4289
0.0278	4290
0.0278	4291
0.0278	4292
0.0278	4293
0.0278	4294
0.0278	4295
0.0278	4296
0.0278	4297
0.0278	4298
0.0278	4299
0.0278	4300
0.0278	4301
0.0278	4302
0.0278	4303
0.0278	4304
0.0278	4305
0.0278	4306
0.0278	4307
0.0278	4308
0.0278	4309
0.0278	4310
0.0278	4311
0.0278	4312
0.0278	4313
0.0278	4314
0.0278	4315
0.0278	4316
0.0278	4317
0.0278	4318
0.0278	4319
0.0278	4320
0.0278	4321
0.0278	4322
0.0278	4323
0.0278	4324
0.0278	4325
0.0278	4326
0.0278	4327
0.0278	4328
0.0278	4329
0.0278	4330
0.0278	4331
0.0278	4332
0.0278	4333
0.0278	4334
0.0278	4335
0.0278	4336
0.0278	4337
0.0278	4338
0.0278	4339
0.0278	4340
0.0278	4341
0.0278	4342
0.0278	4343
0.0278	4344
0.0278	4345
0.0278	4346
0.0278	4347
0.0278	4348
0.0278	4349
0.0278	4350
0.0278	4351
0.0278	4352
0.0278	4353
0.0278	4354
0.0278	4355
0.0278	4356
0.0278	4357
0.0278	4358
0.0278	4359
0.0278	4360
0.0278	4361
0.0278	4362
0.0278	4363
0.0278	4364
0.0278	4365
0.0278	4366
0.0278	4367
0.0278	4368
0.0278	4369
0.0278	4370
0.0278	4371
0.0278	4372
0.0278	4373
0.0278	4374
0.0278	4375
0.0278	4376
0.0278	4377
0.0278	4378
0.0278	4379
0.0278	4380
0.0278	4381
0.0278	4382
0.0278	4383
0.0278	4384
0.0278	4385
0.0278	4386
0.0278	4387
0.0278	4388
0.0278	4389
0.0278	4390
0.0278	4391
0.0278	4392
0.0278	4393
0.0278	4394
0.0278	4395
0.0278	4396
0.0278	4397
0.0278	4398
0.0278	4399
0.0278	4400
0.0278	4401
0.0278	4402
0.0278	4403
0.0278	4404
0.0278	4405
0.0278	4406
0.0278	4407
0.0278	4408
0.0278	4409
0.0278	4410
0.0278	4411
0.0278	4412
0.0278	4413
0.0278	4414
0.0278	4415
0.0278	4416
0.0278	4417
0.0278	4418
0.0278	4419
0.0278	4420
0.0278	4421
0.0278	4422
0.0278	4423
0.0278	4424
0.0278	4425
0.0278	4426
0.0278	4427
0.0278	4428
0.0278	4429
0.0278	4430
0.0278	4431
0.0278	4432
0.0278	4433
0.0278	4434
0.0278	4435
0.0278	4436
0.0278	4437
0.0278	4438
0.0278	4439
0.0278	4440
0.0278	4441
0.0278	4442
0.0278	4443
0.0278	4444
0.0278	4445
0.0278	4446
0.0278	4447
0.0278	4448
0.0278	4449
0.0278	4450
0.0278	4451
0.0278	4452
0.0278	4453
0.0278	4454
0.0278	4455
0.0278	4456
0.0278	4457
0.0278	4458
0.0278	4459
0.0278	4460
0.0278	4461
0.0278	4462
0.0278	4463
0.0278	4464
0.0278	4465
0.0278	4466
0.0278	4467
0.0278	4468
0.0278	4469
0.0278	4470
0.0278	4471
0.0278	4472
0.0278	4473
0.0278	4474
0.0278	4475
0.0278	4476
0.0278	4477
0.0278	4478
0.0278	4479
0.0278	4480
0.0278	4481
0.0278	4482
0.0278	4483
0.0278	4484
0.0278	4485
0.0278	4486
0.0278	4487
0.0278	4488
0.0278	4489
0.0278	4490
0.0278	4491
0.0278	4492
0.0278	4493
0.0278	4494
0.0278	4495
0.0278	4496
0.0278	4497
0.0278	4498
0.0278	4499
0.0278	4500
0.0278	4501
0.0278	4502
0.0278	4503
0.0278	4504
0.0278	4505
0.0278	4506
0.0278	4507
0.0278	4508
0.0278	4509
0.0278	4510
0.0278	4511
0.0278	4512
0.0278	4513
0.0278	4514
0.0278	4515
0.0278	4516
0.0278	4517
0.0278	4518
0.0278	4519
0.0278	4520
0.0278	4521
0.0278	4522
0.0278	4523
0.0278	4524
0.0278	4525
0.0278	4526
0.0278	4527
0.0278	4528
0.0278	4529
0.0278	4530
0.0278	4531
0.0278	4532
0.0278	4533
0.0278	4534
0.0278	4535
0.0278	4536
0.0278	4537
0.0278	4538
0.0278	4539
0.0278	4540
0.0278	4541
0.0278	4542
0.0278	4543
0.0278	4544
0.0278	4545
0.0278	4546
0.0278	4547
0.0278	4548
0.0278	4549
0.0278	4550
0.0278	4551
0.0278	4552
0.0278	4553
0.0278	4554
0.0278	4555
0.0278	4556
0.0278	4557
0.0278	4558
0.0278	4559
0.0278	4560
0.0278	4561
0.0278	4562
0.0278	4563
0.0278	4564
0.0278	4565
0.0278	4566
0.0278	4567
0.0278	4568
0.0278	4569
0.0278	4570
0.0278	4571
0.0278	4572
0.0278	4573
0.0278	4574
0.0278	4575
0.0278	4576
0.0278	4577
0.0278	4578
0.0278	4579
0.0278	4580
0.0278	4581
0.0278	4582
0.0278	4583
0.0278	4584
0.0278	4585
0.0278	4586
0.0278	4587
0.0278	4588
0.0278	4589
0.0278	4590
0.0278	4591
0.0278	4592
0.0278	4593
0.0278	4594
0.0278	4595
0.0278	4596
0.0278	4597
0.0278	4598
0.0278	4599
0.0278	4600
0.0278	4601
0.0278	4602
0.0278	4603
0.0278	4604
0.0278	4605
0.0278	4606
0.0278	4607
0.0278	4608
0.0278	4609
0.0278	4610
0.0278	4611
0.0278	4612
0.0278	4613
0.0278	4614
0.0278	4615
0.0278	4616
0.0278	4617
0.0278	4618
0.0278	4619
0.0278	4620
0.0278	4621
0.0278	4622
0.0278	4623
0.0278	4624
0.0278	4625
0.0278	4626
0.0278	4627
0.0278	4628
0.0278	4629
0.0278	4630
0.0278	4631
0.0278	4632
0.0278	4633
0.0278	4634
0.0278	4635
0.0278	4636
0.0278	4637
0.0278	4638
0.0278	4639
0.0278	4640
0.0278	4641
0.0278	4642
0.0278	4643
0.0278	4644
0.0278	4645
0.0278	4646
0.0278	4647
0.0278	4648
0.0278	4649
0.0278	4650
0.0278	4651
0.0278	4652
0.0278	4653
0.0278	4654
0.0278	4655
0.0278	4656
0.0278	4657
0.0278	4658
0.0278	4659
0.0278	4660
0.0278	4661
0.0278	4662
0.0278	4663
0.0278	4664
0.0278	4665
0.0278	4666
0.0278	4667
0.0278	4668
0.0278	4669
0.0278	4670
0.0278	4671
0.0278	4672
0.0278	4673
0.0278	4674
0.0278	4675
0.0278	4676
0.0278	4677
0.0278	4678
0.0278	4679
0.0278	4680
0.0278	4681
0.0278	4682
0.0278	4683
0.0278	4684
0.0278	4685
0.0278	4686
0.0278	4687
0.0278	4688
0.0278	4689
0.0278	4690
0.0278	4691
0.0278	4692
0.0278	4693
0.0278	4694
0.0278	4695
0.0278	4696
0.0278	4697
0.0278	4698
0.0278	4699
0.0278	4700
0.0278	4701
0.0278	4702
0.0278	4703
0.0278	4704
0.0278	4705
0.0278	4706
0.0278	4707
0.0278	4708
0.0278	4709
0.0278	4710
0.0278	4711
0.0278	4712
0.0278	4713
0.0278	4714
0.0278	4715
0.0278	4716
0.0278	4717
0.0278	4718
0.0278	4719
0.0278	4720
0.0278	4721
0.0278	4722
0.0278	4723
0.0278	4724
0.0278	4725
0.0278	4726
0.0278	4727
0.0278	4728
0.0278	4729
0.0278	4730
0.0278	4731
0.0278	4732
0.0278	4733
0.0278	4734
0.0278	4735
0.0278	4736
0.0278	4737
0.0278	4738
0.0278	4739
0.0278	4740
0.0278	4741
0.0278	4742
0.0278	4743
0.0278	4744
0.0278	4745
0.0278	4746
0.0278	4747
0.0278	4748
0.0278	4749
0.0278	4750
0.0278	4751
0.0278	4752
0.0278	4753
0.0278	4754
0.0278	4755
0.0278	4756
0.0278	4757
0.0278	4758
0.0278	4759
0.0278	4760
0.0278	4761
0.0278	4762
0.0278	4763
0.0278	4764
0.0278	4765
0.0278	4766
0.0278	4767
0.0278	4768
0.0278	4769
0.0278	4770
0.0278	4771
0.0278	4772
0.0278	4773
0.0278	4774
0.0278	4775
0.0278	4776
0.0278	4777
0.0278	4778
0.0278	4779
0.0278	4780
0.0278	4781
0.0278	4782
0.0278	4783
0.0278	4784
0.0278	4785
0.0278	4786
0.0278	4787
0.0278	4788
0.0278	4789
0.0278	4790
0.0278	4791
0.0278	4792
0.0278	4793
0.0278	4794
0.0278	4795
0.0278	4796
0.0278	4797
0.0278	4798
0.0278	4799
0.0278	4800
0.0278	4801
0.0278	4802
0.0278	4803
0.0278	4804
0.0278	4805
0.0278	4806
0.0278	4807
0.0278	4808
0.0278	4809
0.0278	4810
0.0278	4811
0.0278	4812
0.0278	4813
0.0278	4814
0.0278	4815
0.0278	4816
0.0278	4817
0.0278	4818
0.0278	4819
0.0278	4820
0.0278	4821
0.0278	4822
0.0278	4823
0.0278	4824
0.0278	4825
0.0278	4826
0.0278	4827
0.0278	4828
0.0278	4829
0.0278	4830
0.0278	4831
0.0278	4832
0.0278	4833
0.0278	4834
0.0278	4835
0.0278	4836
0.0278	4837
0.0278	4838
0.0278	4839
0.0278	4840
0.0278	4841
0.0278	4842
0.0278	4843
0.0278	4844
0.0278	4845
0.0278	4846
0.0278	4847
0.0278	4848
0.0278	4849
0.0278	4850
0.0278	4851
0.0278	4852
0.0278	4853
0.0278	4854
0.0278	4855
0.0278	4856
0.0278	4857
0.0278	4858
0.0278	4859
0.0278	4860
0.0278	4861
0.0278	4862
0.0278	4863
0.0278	4864
0.0278	4865
0.0278	4866
0.0278	4867
0.0278	4868
0.0278	4869
0.0278	4870
0.0278	4871
0.0278	4872
0.0278	4873
0.0278	4874
0.0278	4875
0.0278	4876
0.0278	4877
0.0278	4878
0.0278	4879
0.0278	4880
0.0278	4881
0.0278	4882
0.0278	4883
0.0278	4884
0.0278	4885
0.0278	4886
0.0278	4887
0.0278	4888
0.0278	4889
0.0278	4890
0.0278	4891
0.0278	4892
0.0278	4893
0.0278	4894
0.0278	4895
0.0278	4896
0.0278	4897
0.0278	4898
0.0278	4899
0.0278	4900
0.0278	4901
0.0278	4902
0.0278	4903
0.0278	4904
0.0278	4905
0.0278	4906
0.0278	4907
0.0278	4908
0.0278	4909
0.0278	4910
0.0278	4911
0.0278	4912
0.0278	4913
0.0278	4914
0.0278	4915
0.0278	4916
0.0278	4917
0.0278	4918
0.0278	4919
0.0278	4920
0.0278	4921
0.0278	4922
0.0278	4923
0.0278	4924
0.0278	4925
0.0278	4926
0.0278	4927
0.0278	4928
0.0278	4929
0.0278	4930
0.0278	4931
0.0278	4932
0.0278	4933
0.0278	4934
0.0278	4935
0.0278	4936
0.0278	4937
0.0278	4938
0.0278	4939
0.0278	4940
0.0278	4941
0.0278	4942
0.0278	4943
0.0278	4944
0.0278	4945
0.0278	4946
0.0278	4947
0.0278	4948
0.0278	4949
0.0278	4950
0.0278	4951
0.0278	4952
0.0278	4953
0.0278	4954
0.0278	4955
0.0278	4956
0.0278	4957
0.0278	4958
0.0278	4959
0.0278	4960
0.0278	4961
0.0278	4962
0.0278	4963
0.0278	4964
0.0278	4965
0.0278	4966
0.0278	4967
0.0278	4968
0.0278	4969
0.0278	4970
0.0278	4971
0.0278	4972
0.0278	4973
0.0278	4974
0.0278	4975
0.0278	4976
0.0278	4977
0.0278	4978
0.0278	4979
0.0278	4980
0.0278	4981
0.0278	4982
0.0278	4983
0.0278	4984
0.0278	4985
0.0278	4986
0.0278	4987
0.0278	4988
0.0278	4989
0.0278	4990
0.0278	4991
0.0278	4992
0.0278	4993
0.0278	4994
0.0278	4995
0.0278	4996
0.0278	4997
0.0278	4998
0.0278	4999
0.0278	5000
0.0278	5001
0.0278	5002
0.0278	5003
0.0278	5004
0.0278	5005
0.0278	5006
0.0278	5007
0.0278	5008
0.0278	5009
0.0278	5010
0.0278	5011
0.0278	5012
0.0278	5013
0.0278	5014
0.0278	5015
0.0278	5016
0.0278	5017
0.0278	5018
0.0278	5019
0.0278	5020
0.0278	5021
0.0278	5022
0.0278	5023
0.0278	5024
0.0278	5025
0.0278	5026
0.0278	5027
0.0278	5028
0.0278	5029
0.0278	5030
0.0278	5031
0.0278	5032
0.0278	5033
0.0278	5034
0.0278	5035
0.0278	5036
0.0278	5037
0.0278	5038
0.0278	5039
0.0278	5040
0.0278	5041
0.0278	5042
0.0278	5043
0.0278	5044
0.0278	5045
0.0278	5046
0.0278	5047
0.0278	5048
0.0278	5049
0.0278	5050
0.0278	5051
0.0278	5052
0.0278	5053
0.0278	5054
0.0278	5055
0.0278	5056
0.0278	5057
0.0278	5058
0.0278	5059
0.0278	5060
0.0278	5061
0.0278	5062
0.0278	5063
0.0278	5064
0.0278	5065
0.0278	5066
0.0278	5067
0.0278	5068
0.0278	5069
0.0278	5070
0.0278	5071
0.0278	5072
0.0278	5073
0.0278	5074
0.0278	5075
0.0278	5076
0.0278	5077
0.0278	5078
0.0278	5079
0.0278	5080
0.0278	5081
0.0278	5082
0.0278	5083
0.0278	5084
0.0278	5085
0.0278	5086
0.0278	5087
0.0278	5088
0.0278	5089
0.0278	5090
0.0278	5091
0.0278	5092
0.0278	5093
0.0278	5094
0.0278	5095
0.0278	5096
0.0278	5097
0.0278	5098
0.0278	5099
0.0278	5100
0.0278	5101
0.0278	5102
0.0278	5103
0.0278	5104
0.0278	5105
0.0278	5106
0.0278	5107
0.0278	5108
0.0278	5109
0.0278	5110
0.0278	5111
0.0278	5112
0.0278	5113
0.0278	5114
0.0278	5115
0.0278	5116
0.0278	5117
0.0278	5118
0.0278	5119
0.0278	5120
0.0278	5121
0.0278	5122
0.0278	5123
0.0278	5124
0.0278	5125
0.0278	5126
0.0278	5127
0.0278	5128
0.0278	5129
0.0278	5130
0.0278	5131
0.0278	5132
0.0278	5133
0.0278	5134
0.0278	5135
0.0278	5136
0.0278	5137
0.0278	5138
0.0278	5139
0.0278	5140
0.0278	5141
0.0278	5142
0.0278	5143
0.0278	5144
0.0278	5145
0.0278	5146
0.0278	5147
0.0278	5148
0.0278	5149
0.0278	5150
0.0278	5151
0.0278	5152
0.0278	5153
0.0278	5154
0.0278	5155
0.0278	5156
0.0278	5157
0.0278	5158
0.0278	5159
0.0278	5160
0.0278	5161
0.0278	5162
0.0278	5163
0.0278	5164
0.0278	5165
0.0278	5166
0.0278	5167
0.0278	5168
0.0278	5169
0.0278	5170
0.0278	5171
0.0278	5172
0.0278	5173
0.0278	5174
0.0278	5175
0.0278	5176
0.0278	5177
0.0278	5178
0.0278	5179
0.0278	5180
0.0278	5181
0.0278	5182
0.0278	5183
0.0278	5184
0.0278	5185
0.0278	5186
0.0278	5187
0.0278	5188
0.0278	5189
0.0278	5190
0.0278	5191
0.0278	5192
0.0278	5193
0.0278	5194
0.0278	5195
0.0278	5196
0.0278	5197
0.0278	5198
0.0278	5199
0.0278	5200
0.0278	5201
0.0278	5202
0.0278	5203
0.0278	5204
0.0278	5205
0.0278	5206
0.0278	5207
0.0278	5208
0.0278	5209
0.0278	5210
0.0278	5211
0.0278	5212
0.0278	5213
0.0278	5214
0.0278	5215
0.0278	5216
0.0278	5217
0.0278	5218
0.0278	5219
0.0278	5220
0.0278	5221
0.0278	5222
0.0278	5223
0.0278	5224
0.0278	5225
0.0278	5226
0.0278	5227
0.0278	5228
0.0278	5229
0.0278	5230
0.0278	5231
0.0278	5232
0.0278	5233
0.0278	5234
0.0278	5235
0.0278	5236
0.0278	5237
0.0278	5238
0.0278	5239
0.0278	5240
0.0278	5241
0.0278	5242
0.0278	5243
0.0278	5244
0.0278	5245
0.0278	5246
0.0278	5247
0.0278	5248
0.0278	5249
0.0278	5250
0.0278	5251
0.0278	5252
0.0278	5253
0.0278	5254
0.0278	5255
0.0278	5256
0.0278	5257
0.0278	5258
0.0278	5259
0.0278	5260
0.0278	5261
0.0278	5262
0.0278	5263
0.0278	5264
0.0278	5265
0.0278	5266
0.0278	5267
0.0278	5268
0.0278	5269
0.0278	5270
0.0278	5271
0.0278	5272
0.0278	5273
0.0278	5274
0.0278	5275
0.0278	5276
0.0278	5277
0.0278	5278
0.0278	5279
0.0278	5280
0.0278	5281
0.0278	5282
0.0278	5283
0.0278	5284
0.0278	5285
0.0278	5286
0.0278	5287
0.0278	5288
0.0278	5289
0.0278	5290
0.0278	5291
0.0278	5292
0.0278	5293
0.0278	5294
0.0278	5295
0.0278	5296
0.0278	5297
0.0278	5298
0.0278	5299
0.0278	5300
0.0278	5301
0.0278	5302
0.0278	5303
0.0278	5304
0.0278	5305
0.0278	5306
0.0278	5307
0.0278	5308
0.0278	5309
0.0278	5310
0.0278	5311
0.0278	5312
0.0278	5313
0.0278	5314
0.0278	5315
0.0278	5316
0.0278	5317
0.0278	5318
0.0278	5319
0.0278	5320
0.0278	5321
0.0278	5322
0.0278	5323
0.0278	5324
0.0278	5325
0.0278	5326
0.0278	5327
0.0278	5328
0.0278	5329
0.0278	5330
0.0278	5331
0.0278	5332
0.0278	5333
0.0278	5334
0.0278	5335
0.0278	5336
0.0278	5337
0.0278	5338
0.0278	5339
0.0278	5340
0.0278	5341
0.0278	5342
0.0278	5343
0.0278	5344
0.0278	5345
0.0278	5346
0.0278	5347
0.0278	5348
0.0278	5349
0.0278	5350
0.0278	5351
0.0278	5352
0.0278	5353
0.0278	5354
0.0278	5355
0.0278	5356
0.0278	5357
0.0278	5358
0.0278	5359
0.0278	5360
0.0278	5361
0.0278	5362
0.0278	5363
0.0278	5364
0.0278	5365
0.0278	5366
0.0278	5367
0.0278	5368
0.0278	5369
0.0278	5370
0.0278	5371
0.0278	5372
0.0278	5373
0.0278	5374
0.0278	5375
0.0278	5376
0.0278	5377
0.0278	5378
0.0278	5379
0.0278	5380
0.0278	5381
0.0278	5382
0.0278	5383
0.0278	5384
0.0278	5385
0.0278	5386
0.0278	5387
0.0278	5388
0.0278	5389
0.0278	5390
0.0278	5391
0.0278	5392
0.0278	5393
0.0278	5394
0.0278	5395
0.0278	5396
0.0278	5397
0.0278	5398
0.0278	5399
0.0278	5400
0.0278	5401
0.0278	5402
0.0278	5403
0.0278	5404
0.0278	5405
0.0278	5406
0.0278	5407
0.0278	5408
0.0278	5409
0.0278	5410
0.0278	5411
0.0278	5412
0.0278	5413
0.0278	5414
0.0278	5415
0.0278	5416
0.0278	5417
0.0278	5418
0.0278	5419
0.0278	5420
0.0278	5421
0.0278	5422
0.0278	5423
0.0278	5424
0.0278	5425
0.0278	5426
0.0278	5427
0.0278	5428
0.0278	5429
0.0278	5430
0.0278	5431
0.0278	5432
0.0278	5433
0.0278	5434
0.0278	5435
0.0278	5436
0.0278	5437
0.0278	5438
0.0278	5439
0.0278	5440
0.0278	5441
0.0278	5442
0.0278	5443
0.0278	5444
0.0278	5445
0.0278	5446
0.0278	5447
0.0278	5448
0.0278	5449
0.0278	5450
0.0278	5451
0.0278	5452
0.0278	5453
0.0278	5454
0.0278	5455
0.0278	5456
0.0278	5457
0.0278	5458
0.0278	5459
0.0278	5460
0.0278	5461
0.0278	5462
0.0278	5463
0.0278	5464
0.0278	5465
0.0278	5466
0.0278	5467
0.0278	5468
0.0278	5469
0.0278	5470
0.0278	5471
0.0278	5472
0.0278	5473
0.0278	5474
0.0278	5475
0.0278	5476
0.0278	5477
0.0278	5478
0.0278	5479
0.0278	5480
0.0278	5481
0.0278	5482
0.0278	5483
0.0278	5484
0.0278	5485
0.0278	5486
0.0278	5487
0.0278	5488
0.0278	5489
0.0278	5490
0.0278	5491
0.0278	5492
0.0278	5493
0.0278	5494
0.0278	5495
0.0278	5496
0.0278	5497
0.0278	5498
0.0278	5499
0.0278	5500
0.0278	5501
0.0278	5502
0.0278	5503
0.0278	5504
0.0278	5505
0.0278	5506
0.0278	5507
0.0278	5508
0.0278	5509
0.0278	5510
0.0278	5511
0.0278	5512
0.0278	5513
0.0278	5514
0.0278	5515
0.0278	5516
0.0278	5517
0.0278	5518
0.0278	5519
0.0278	5520
0.0278	5521
0.0278	5522
0.0278	5523
0.0278	5524
0.0278	5525
0.0278	5526
0.0278	5527
0.0278	5528
0.0278	5529
0.0278	5530
0.0278	5531
0.0278	5532
0.0278	5533
0.0278	5534
0.0278	5535
0.0278	5536
0.0278	5537
0.0278	5538
0.0278	5539
0.0278	5540
0.0278	5541
0.0278	5542
0.0278	5543
0.0278	5544
0.0278	5545
0.0278	5546
0.0278	5547
0.0278	5548
0.0278	5549
0.0278	5550
0.0278	5551
0.0278	5552
0.0278	5553
0.0278	5554
0.0278	5555
0.0278	5556
0.0278	5557
0.0278	5558
0.0278	5559
0.0278	5560
0.0278	5561
0.0278	5562
0.0278	5563
0.0278	5564
0.0278	5565
0.0278	5566
0.0278	5567
0.0278	5568
0.0278	5569
0.0278	5570
0.0278	5571
0.0278	5572
0.0278	5573
0.0278	5574
0.0278	5575
0.0278	5576
0.0278	5577
0.0278	5578
0.0278	5579
0.0278	5580
0.0278	5581
0.0278	5582
0.0278	5583
0.0278	5584
0.0278	5585
0.0278	5586
0.0278	5587
0.0278	5588
0.0278	5589
0.0278	5590
0.0278	5591
0.0278	5592
0.0278	5593
0.0278	5594
0.0278	5595
0.0278	5596
0.0278	5597
0.0278	5598
0.0278	5599
0.0278	5600
0.0278	5601
0.0278	5602
0.0278	5603
0.0278	5604
0.0278	5605
0.0278	5606
0.0278	5607
0.0278	5608
0.0278	5609
0.0278	5610
0.0278	5611
0.0278	5612
0.0278	5613
0.0278	5614
0.0278	5615
0.0278	5616
0.0278	5617
0.0278	5618
0.0278	5619
0.0278	5620
0.0278	5621
0.0278	5622
0.0278	5623
0.0278	5624
0.0278	5625
0.0278	5626
0.0278	5627
0.0278	5628
0.0278	5629
0.0278	5630
0.0278	5631
0.0278	5632
0.0278	5633
0.0278	5634
0.0278	5635
0.0278	5636
0.0278	5637
0.0278	5638
0.0278	5639
0.0278	5640
0.0278	5641
0.0278	5642
0.0278	5643
0.0278	5644
0.0278	5645
0.0278	5646
0.0278	5647
0.0278	5648
0.0278	5649
0.0278	5650
0.0278	5651
0.0278	5652
0.0278	5653
0.0278	5654
0.0278	5655
0.0278	5656
0.0278	5657
0.0278	5658
0.0278	5659
0.0278	5660
0.0278	5661
0.0278	5662
0.0278	5663
0.0278	5664
0.0278	5665
0.0278	5666
0.0278	5667
0.0278	5668
0.0278	5669
0.0278	5670
0.0278	5671
0.0278	5672
0.0278	5673
0.0278	5674
0.0278	5675
0.0278	5676
0.0278	5677
0.0278	5678
0.0278	5679
0.0278	5680
0.0278	5681
0.0278	5682
0.0278	5683
0.0278	5684
0.0278	5685
0.0278	5686
0.0278	5687
0.0278	5688
0.0278	5689
0.0278	5690
0.0278	5691
0.0278	5692
0.0278	5693
0.0278	5694
0.0278	5695
0.0278	5696
0.0278	5697
0.0278	5698
0.0278	5699
0.0278	5700
0.0278	5701
0.0278	5702
0.0278	5703
0.0278	5704
0.0278	5705
0.0278	5706
0.0278	5707
0.0278	5708
0.0278	5709
0.0278	5710
0.0278	5711
0.0278	5712
0.0278	5713
0.0278	5714
0.0278	5715
0.0278	5716
0.0278	5717
0.0278	5718
0.0278	5719
0.0278	5720
0.0278	5721
0.0278	5722
0.0278	5723
0.0278	5724
0.0278	5725
0.0278	5726
0.0278	5727
0.0278	5728
0.0278	5729
0.0278	5730
0.0278	5731
0.0278	5732
0.0278	5733
0.0278	5734
0.0278	5735
0.0278	5736
0.0278	5737
0.0278	5738
0.0278	5739
0.0278	5740
0.0278	5741
0.0278	5742
0.0278	5743
0.0278	5744
0.0278	5745
0.0278	5746
0.0278	5747
0.0278	5748
0.0278	5749
0.0278	5750
0.0278	5751
0.0278	5752
0.0278	5753
0.0278	5754
0.0278	5755
0.0278	5756
0.0278	5757
0.0278	5758
0.0278	5759
0.0278	5760
0.0278	5761
0.0278	5762
0.0278	5763
0.0278	5764
0.0278	5765
0.0278	5766
0.0278	5767
0.0278	5768
0.0278	5769
0.0278	5770
0.0278	5771
0.0278	5772
0.0278	5773
0.0278	5774
0.0278	5775
0.0278	5776
0.0278	5777
0.0278	5778
0.0278	5779
0.0278	5780
0.0278	5781
0.0278	5782
0.0278	5783
0.0278	5784
0.0278	5785
0.0278	5786
0.0278	5787
0.0278	5788
0.0278	5789
0.0278	5790
0.0278	5791
0.0278	5792
0.0278	5793
0.0278	5794
0.0278	5795
0.0278	5796
0.0278	5797
0.0278	5798
0.0278	5799
0.0278	5800
0.0278	5801
0.0278	5802
0.0278	5803
0.0278	5804
0.0278	5805
0.0278	5806
0.0278	5807
0.0278	5808
0.0278	5809
0.0278	5810
0.0278	5811
0.0278	5812
0.0278	5813
0.0278	5814
0.0278	5815
0.0278	5816
0.0278	5817
0.0278	5818
0.0278	5819
0.0278	5820
0.0278	5821
0.0278	5822
0.0278	5823
0.0278	5824
0.0278	5825
0.0278	5826
0.0278	5827
0.0278	5828
0.0278	5829
0.0278	5830
0.0278	5831
0.0278	5832
0.0278	5833
0.0278	5834
0.0278	5835
0.0278	5836
0.0278	5837
0.0278	5838
0.0278	5839
0.0278	5840
0.0278	5841
0.0278	5842
0.0278	5843
0.0278	5844
0.0278	5845
0.0278	5846
0.0278	5847
0.0278	5848
0.0278	5849
0.0278	5850
0.0278	5851
0.0278	5852
0.0278	5853
0.0278	5854
0.0278	5855
0.0278	5856
0.0278	5857
0.0278	5858
0.0278	5859
0.0278	5860
0.0278	5861
0.0278	5862
0.0278	5863
0.0278	5864
0.0278	5865
0.0278	5866
0.0278	5867
0.0278	5868
0.0278	5869
0.0278	5870
0.0278	5871
0.0278	5872
0.0278	5873
0.0278	5874
0.0278	5875
0.0278	5876
0.0278	5877
0.0278	5878
0.0278	5879
0.0278	5880
0.0278	5881
0.0278	5882
0.0278	5883
0.0278	5884
0.0278	5885
0.0278	5886
0.0278	5887
0.0278	5888
0.0278	5889
0.0278	5890
0.0278	5891
0.0278	5892
0.0278	5893
0.0278	5894
0.0278	5895
0.0278	5896
0.0278	5897
0.0278	5898
0.0278	5899
0.0278	5900
0.0278	5901
0.0278	5902
0.0278	5903
0.0278	5904
0.0278	5905
0.0278	5906
0.0278	5907
0.0278	5908
0.0278	5909
0.0278	5910
0.0278	5911
0.0278	5912
0.0278	5913
0.0278	5914
0.0278	5915
0.0278	5916
0.0278	5917
0.0278	5918
0.0278	5919
0.0278	5920
0.0278	5921
0.0278	5922
0.0278	5923
0.0278	5924
0.0278	5925
0.0278	5926
0.0278	5927
0.0278	5928
0.0278	5929
0.0278	5930
0.0278	5931
0.0278	5932
0.0278	5933
0.0278	5934
0.0278	5935
0.0278	5936
0.0278	5937
0.0278	5938
0.0278	5939
0.0278	5940
0.0278	5941
0.0278	5942
0.0278	5943
0.0278	5944
0.0278	5945
0.0278	5946
0.0278	5947
0.0278	5948
0.0278	5949
0.0278	5950
0.0278	5951
0.0278	5952
0.0278	5953
0.0278	5954
0.0278	5955
0.0278	5956
0.0278	5957
0.0278	5958
0.0278	5959
0.0278	5960
0.0278	5961
0.0278	5962
0.0278	5963
0.0278	5964
0.0278	5965
0.0278	5966
0.0278	5967
0.0278	5968
0.0278	5969
0.0278	5970
0.0278	5971
0.0278	5972
0.0278	5973
0.0278	5974
0.0278	5975
0.0278	5976
0.0278	5977
0.0278	5978
0.0278	5979
0.0278	5980
0.0278	5981
0.0278	5982
0.0278	5983
0.0278	5984
0.0278	5985
0.0278	5986
0.0278	5987
0.0278	5988
0.0278	5989
0.0278	5990
0.0278	5991
0.0278	5992
0.0278	5993
0.0278	5994
0.0278	5995
0.0278	5996
0.0278	5997
0.0278	5998
0.0278	5999
0.0278	6000
0.0278	6001
0.0278	6002
0.0278	6003
0.0278	6004
0.0278	6005
0.0278	6006
0.0278	6007
0.0278	6008
0.0278	6009
0.0278	6010
0.0278	6011
0.0278	6012
0.0278	6013
0.0278	6014
0.0278	6015
0.0278	6016
0.0278	6017
0.0278	6018
0.0278	6019
0.0278	6020
0.0278	6021
0.0278	6022
0.0278	6023
0.0278	6024
0.0278	6025
0.0278	6026
0.0278	6027
0.0278	6028
0.0278	6029
0.0278	6030
0.0278	6031
0.0278	6032
0.0278	6033
0.0278	6034
0.0278	6035
0.0278	6036
0.0278	6037
0.0278	6038
0.0278	6039
0.0278	6040
0.0278	6041
0.0278	6042
0.0278	6043
0.0278	6044
0.0278	6045
0.0278	6046
0.0278	6047
0.0278	6048
0.0278	6049
0.0278	6050
0.0278	6051
0.0278	6052
0.0278	6053
0.0278	6054
0.0278	6055
0.0278	6056
0.0278	6057
0.0278	6058
0.0278	6059
0.0278	6060
0.0278	6061
0.0278	6062
0.0278	6063
0.0278	6064
0.0278	6065
0.0278	6066
0.0278	6067
0.0278	6068
0.0278	6069
0.0278	6070
0.0278	6071
0.0278	6072
0.0278	6073
0.0278	6074
0.0278	6075
0.0278	6076
0.0278	6077
0.0278	6078
0.0278	6079
0.0278	6080
0.0278	6081
0.0278	6082
0.0278	6083
0.0278	6084
0.0278	6085
0.0278	6086
0.0278	6087
0.0278	6088
0.0278	6089
0.0278	6090
0.0278	6091
0.0278	6092
0.0278	6093
0.0278	6094
0.0278	6095
0.0278	6096
0.0278	6097
0.0278	6098
0.0278	6099
0.0278	6100
0.0278	6101
0.0278	6102
0.0278	6103
0.0278	6104
0.0278	6105
0.0278	6106
0.0278	6107
0.0278	6108
0.0278	6109
0.0278	6110
0.0278	6111
0.0278	6112
0.0278	6113
0.0278	6114
0.0278	6115
0.0278	6116
0.0278	6117
0.0278	6118
0.0278	6119
0.0278	6120
0.0278	6121
0.0278	6122
0.0278	6123
0.0278	6124
0.0278	6125
0.0278	6126
0.0278	6127
0.0278	6128
0.0278	6129
0.0278	6130
0.0278	6131
0.0278	6132
0.0278	6133
0.0278	6134
0.0278	6135
0.0278	6136
0.0278	6137
0.0278	6138
0.0278	6139
0.0278	6140
0.0278	6141
0.0278	6142
0.0278	6143
0.0278	6144
0.0278	6145
0.0278	6146
0.0278	6147
0.0278	6148
0.0278	6149
0.0278	6150
0.0278	6151
0.0278	6152
0.0278	6153
0.0278	6154
0.0278	6155
0.0278	6156
0.0278	6157
0.0278	6158
0.0278	6159
0.0278	6160
0.0278	6161
0.0278	6162
0.0278	6163
0.0278	6164
0.0278	6165
0.0278	6166
0.0278	6167
0.0278	6168
0.0278	6169
0.0278	6170
0.0278	6171
0.0278	6172
0.0278	6173
0.0278	6174
0.0278	6175
0.0278	6176
0.0278	6177
0.0278	6178
0.0278	6179
0.0278	6180
0.0278	6181
0.0278	6182
0.0278	6183
0.0278	6184
0.0278	6185
0.0278	6186
0.0278	6187
0.0278	6188
0.0278	6189
0.0278	6190
0.0278	6191
0.0278	6192
0.0278	6193
0.0278	6194
0.0278	6195
0.0278	6196
0.0278	6197
0.0278	6198
0.0278	6199
0.0278	6200
0.0278	6201
0.0278	6202
0.0278	6203
0.0278	6204
0.0278	6205
0.0278	6206
0.0278	6207
0.0278	6208
0.0278	6209
0.0278	6210
0.0278	6211
0.0278	6212
0.0278	6213
0.0278	6214
0.0278	6215
0.0278	6216
0.0278	6217
0.0278	6218
0.0278	6219
0.0278	6220
0.0278	6221
0.0278	6222
0.0278	6223
0.0278	6224
0.0278	6225
0.0278	6226
0.0278	6227
0.0278	6228
0.0278	6229
0.0278	6230
0.0278	6231
0.0278	6232
0.0278	6233
0.0278	6234
0.0278	6235
0.0278	6236
0.0278	6237
0.0278	6238
0.0278	6239
0.0278	6240
0.0278	6241
0.0278	6242
0.0278	6243
0.0278	6244
0.0278	6245
0.0278	6246
0.0278	6247
0.0278	6248
0.0278	6249
0.0278	6250
0.0278	6251
0.0278	6252
0.0278	6253
0.0278	6254
0.0278	6255
0.0278	6256
0.0278	6257
0.0278	6258
0.0278	6259
0.0278	6260
0.0278	6261
0.0278	6262
0.0278	6263
0.0278	6264
0.0278	6265
0.0278	6266
0.0278	6267
0.0278	6268
0.0278	6269
0.0278	6270
0.0278	6271
0.0278	6272
0.0278	6273
0.0278	6274
0.0278	6275
0.0278	6276
0.0278	6277
0.0278	6278
0.0278	6279
0.0278	6280
0.0278	6281
0.0278	6282
0.0278	6283
0.0278	6284
0.0278	6285
0.0278	6286
0.0278	6287
0.0278	6288
0.0278	6289
0.0278	6290
0.0278	6291
0.0278	6292
0.0278	6293
0.0278	6294
0.0278	6295
0.0278	6296
0.0278	6297
0.0278	6298
0.0278	6299
0.0278	6300
0.0278	6301
0.0278	6302
0.0278	6303
0.0278	6304
0.0278	6305
0.0278	6306
0.0278	6307
0.0278	6308
0.0278	6309
0.0278	6310
0.0278	6311
0.0278	6312
0.0278	6313
0.0278	6314
0.0278	6315
0.0278	6316
0.0278	6317
0.0278	6318
0.0278	6319
0.0278	6320
0.0278	6321
0.0278	6322
0.0278	6323
0.0278	6324
0.0278	6325
0.0278	6326
0.0278	6327
0.0278	6328
0.0278	6329
0.0278	6330
0.0278	6331
0.0278	6332
0.0278	6333
0.0278	6334
0.0278	6335
0.0278	6336
0.0278	6337
0.0278	6338
0.0278	6339
0.0278	6340
0.0278	6341
0.0278	6342
0.0278	6343
0.0278	6344
0.0278	6345
0.0278	6346
0.0278	6347
0.0278	6348
0.0278	6349
0.0278	6350
0.0278	6351
0.0278	6352
0.0278	6353
0.0278	6354
0.0278	6355
0.0278	6356
0.0278	6357
0.0278	6358
0.0278	6359
0.0278	6360
0.0278	6361
0.0278	6362
0.0278	6363
0.0278	6364
0.0278	6365
0.0278	6366
0.0278	6367
0.0278	6368
0.0278	6369
0.0278	6370
0.0278	6371
0.0278	6372
0.0278	6373
0.0278	6374
0.0278	6375
0.0278	6376
0.0278	6377
0.0278	6378
0.0278	6379
0.0278	6380
0.0278	6381
0.0278	6382
0.0278	6383
0.0278	6384
0.0278	6385
0.0278	6386
0.0278	6387
0.0278	6388
0.0278	6389
0.0278	6390
0.0278	6391
0.0278	6392
0.0278	6393
0.0278	6394
0.0278	6395
0.0278	6396
0.0278	6397
0.0278	6398
0.0278	6399
0.0278	6400
0.0278	6401
0.0278	6402
0.0278	6403
0.0278	6404
0.0278	6405
0.0278	6406
0.0278	6407
0.0278	6408
0.0278	6409
0.0278	6410
0.0278	6411
0.0278	6412
0.0278	6413
0.0278	6414
0.0278	6415
0.0278	6416
0.0278	6417
0.0278	6418
0.0278	6419
0.0278	6420
0.0278	6421
0.0278	6422
0.0278	6423
0.0278	6424
0.0278	6425
0.0278	6426
0.0278	6427
0.0278	6428
0.0278	6429
0.0278	6430
0.0278	6431
0.0278	6432
0.0278	6433
0.0278	6434
0.0278	6435
0.0278	6436
0.0278	6437
0.0278	6438
0.0278	6439
0.0278	6440
0.0278	6441
0.0278	6442
0.0278	6443
0.0278	6444
0.0278	6445
0.0278	6446
0.0278	6447
0.0278	6448
0.0278	6449
0.0278	6450
0.0278	6451
0.0278	6452
0.0278	6453
0.0278	6454
0.0278	6455
0.0278	6456
0.0278	6457
0.0278	6458
0.0278	6459
0.0278	6460
0.0278	6461
0.0278	6462
0.0278	6463
0.0278	6464
0.0278	6465
0.0278	6466
0.0278	6467
0.0278	6468
0.0278	6469
0.0278	6470
0.0278	6471
0.0278	6472
0.0278	6473
0.0278	6474
0.0278	6475
0.0278	6476
0.0278	6477
0.0278	6478
0.0278	6479
0.0278	6480
0.0278	6481
0.0278	6482
0.0278	6483
0.0278	6484
0.0278	6485
0.0278	6486
0.0278	6487
0.0278	6488
0.0278	6489
0.0278	6490
0.0278	6491
0.0278	6492
0.0278	6493
0.0278	6494
0.0278	6495
0.0278	6496
0.0278	6497
0.0278	6498
0.0278	6499
0.0278	6500
0.0278	6501
0.0278	6502
0.0278	6503
0.0278	6504
0.0278	6505
0.0278	6506
0.0278	6507
0.0278	6508
0.0278	6509
0.0278	6510
0.0278	6511
0.0278	6512
0.0278	6513
0.0278	6514
0.0278	6515
0.0278	6516
0.0278	6517
0.0278	6518
0.0278	6519
0.0278	6520
0.0278	6521
0.0278	6522
0.0278	6523
0.0278	6524
0.0278	6525
0.0278	6526
0.0278	6527
0.0278	6528
0.0278	6529
0.0278	6530
0.0278	6531
0.0278	6532
0.0278	6533
0.0278	6534
0.0278	6535
0.0278	6536
0.0278	6537
0.0278	6538
0.0278	6539
0.0278	6540
0.0278	6541
0.0278	6542
0.0278	6543
0.0278	6544
0.0278	6545
0.0278	6546
0.0278	6547
0.0278	6548
0.0278	6549
0.0278	6550
0.0278	6551
0.0278	6552
0.0278	6553
0.0278	6554
0.0278	6555
0.0278	6556
0.0278	6557
0.0278	6558
0.0278	6559
0.0278	6560
0.0278	6561
0.0278	6562
0.0278	6563
0.0278	6564
0.0278	6565
0.0278	6566
0.0278	6567
0.0278	6568
0.0278	6569
0.0278	6570
0.0278	6571
0.0278	6572
0.0278	6573
0.0278	6574
0.0278	6575
0.0278	6576
0.0278	6577
0.0278	6578
0.0278	6579
0.0278	6580
0.0278	6581
0.0278	6582
0.0278	6583
0.0278	6584
0.0278	6585
0.0278	6586
0.0278	6587
0.0278	6588
0.0278	6589
0.0278	6590
0.0278	6591
0.0278	6592
0.0278	6593
0.0278	6594
0.0278	6595
0.0278	6596
0.0278	6597
0.0278	6598
0.0278	6599
0.0278	6600
0.0278	6601
0.0278	6602
0.0278	6603
0.0278	6604
0.0278	6605
0.0278	6606
0.0278	6607
0.0278	6608
0.0278	6609
0.0278	6610
0.0278	6611
0.0278	6612
0.0278	6613
0.0278	6614
0.0278	6615
0.0278	6616
0.0278	6617
0.0278	6618
0.0278	6619
0.0278	6620
0.0278	6621
0.0278	6622
0.0278	6623
0.0278	6624
0.0278	6625
0.0278	6626
0.0278	6627
0.0278	6628
0.0278	6629
0.0278	6630
0.0278	6631
0.0278	6632
0.0278	6633
0.0278	6634
0.0278	6635
0.0278	6636
0.0278	6637
0.0278	6638
0.0278	6639
0.0278	6640
0.0278	6641
0.0278	6642
0.0278	6643
0.0278	6644
0.0278	6645
0.0278	6646
0.0278	6647
0.0278	6648
0.0278	6649
0.0278	6650
0.0278	6651
0.0278	6652
0.0278	6653
0.0278	6654
0.0278	6655
0.0278	6656
0.0278	6657
0.0278	6658
0.0278	6659
0.0278	6660
0.0278	6661
0.0278	6662
0.0278	6663
0.0278	6664
0.0278	6665
0.0278	6666
0.0278	6667
0.0278	6668
0.0278	6669
0.0278	6670
0.0278	6671
0.0278	6672
0.0278	6673
0.0278	6674
0.0278	6675
0.0278	6676
0.0278	6677
0.0278	6678
0.0278	6679
0.0278	6680
0.0278	6681
0.0278	6682
0.0278	6683
0.0278	6684
0.0278	6685
0.0278	6686
0.0278	6687
0.0278	6688
0.0278	6689
0.0278	6690
0.0278	6691
0.0278	6692
0.0278	6693
0.0278	6694
0.0278	6695
0.0278	6696
0.0278	6697
0.0278	6698
0.0278	6699
0.0278	6700
0.0278	6701
0.0278	6702
0.0278	6703
0.0278	6704
0.0278	6705
0.0278	6706
0.0278	6707
0.0278	6708
0.0278	6709
0.0278	6710
0.0278	6711
0.0278	6712
0.0278	6713
0.0278	6714
0.0278	6715
0.0278	6716
0.0278	6717
0.0278	6718
0.0278	6719
0.0278	6720
0.0278	6721
0.0278	6722
0.0278	6723
0.0278	6724
0.0278	6725
0.0278	6726
0.0278	6727
0.0278	6728
0.0278	6729
0.0278	6730
0.0278	6731
0.0278	6732
0.0278	6733
0.0278	6734
0.0278	6735
0.0278	6736
0.0278	6737
0.0278	6738
0.0278	6739
0.0278	6740
0.0278	6741
0.0278	6742
0.0278	6743
0.0278	6744
0.0278	6745
0.0278	6746
0.0278	6747
0.0278	6748
0.0278	6749
0.0278	6750
0.0278	6751
0.0278	6752
0.0278	6753
0.0278	6754
0.0278	6755
0.0278	6756
0.0278	6757
0.0278	6758
0.0278	6759
0.0278	6760
0.0278	6761
0.0278	6762
0.0278	6763
0.0278	6764
0.0278	6765
0.0278	6766
0.0278	6767
0.0278	6768
0.0278	6769
0.0278	6770
0.0278	6771
0.0278	6772
0.0278	6773
0.0278	6774
0.0278	6775
0.0278	6776
0.0278	6777
0.0278	6778
0.0278	6779
0.0278	6780
0.0278	6781
0.0278	6782
0.0278	6783
0.0278	6784
0.0278	6785
0.0278	6786
0.0278	6787
0.0278	6788
0.0278	6789
0.0278	6790
0.0278	6791
0.0278	6792
0.0278	6793
0.0278	6794
0.0278	6795
0.0278	6796
0.0278	6797
0.0278	6798
0.0278	6799
0.0278	6800
0.0278	6801
0.0278	6802
0.0278	6803
0.0278	6804
0.0278	6805
0.0278	6806
0.0278	6807
0.0278	6808
0.0278	6809
0.0278	6810
0.0278	6811
0.0278	6812
0.0278	6813
0.0278	6814
0.0278	6815
0.0278	6816
0.0278	6817
0.0278	6818
0.0278	6819
0.0278	6820
0.0278	6821
0.0278	6822
0.0278	6823
0.0278	6824
0.0278	6825
0.0278	6826
0.0278	6827
0.0278	6828
0.0278	6829
0.0278	6830
0.0278	6831
0.0278	6832
0.0278	6833
0.0278	6834
0.0278	6835
0.0278	6836
0.0278	6837
0.0278	6838
0.0278	6839
0.0278	6840
0.0278	6841
0.0278	6842
0.0278	6843
0.0278	6844
0.0278	6845
0.0278	6846
0.0278	6847
0.0278	6848
0.0278	6849
0.0278	6850
0.0278	6851
0.0278	6852
0.0278	6853
0.0278	6854
0.0278	6855
0.0278	6856
0.0278	6857
0.0278	6858
0.0278	6859
0.0278	6860
0.0278	6861
0.0278	6862
0.0278	6863
0.0278	6864
0.0278	6865
0.0278	6866
0.0278	6867
0.0278	6868
0.0278	6869
0.0278	6870
0.0278	6871
0.0278	6872
0.0278	6873
0.0278	6874
0.0278	6875
0.0278	6876
0.0278	6877
0.0278	6878
0.0278	6879
0.0278	6880
0.0278	6881
0.0278	6882
0.0278	6883
0.0278	6884
0.0278	6885
0.0278	6886
0.0278	6887
0.0278	6888
0.0278	6889
0.0278	6890
0.0278	6891
0.0278	6892
0.0278	6893
0.0278	6894
0.0278	6895
0.0278	6896
0.0278	6897
0.0278	6898
0.0278	6899
0.0278	6900
0.0278	6901
0.0278	6902
0.0278	6903
0.0278	6904
0.0278	6905
0.0278	6906
0.0278	6907
0.0278	6908
0.0278	6909
0.0278	6910
0.0278	6911
0.0278	6912
0.0278	6913
0.0278	6914
0.0278	6915
0.0278	6916
0.0278	6917
0.0278	6918
0.0278	6919
0.0278	6920
0.0278	6921
0.0278	6922
0.0278	6923
0.0278	6924
0.0278	6925
0.0278	6926
0.0278	6927
0.0278	6928
0.0278	6929
0.0278	6930
0.0278	6931
0.0278	6932
0.0278	6933
0.0278	6934
0.0278	6935
0.0278	6936
0.0278	6937
0.0278	6938
0.0278	6939
0.0278	6940
0.0278	6941
0.0278	6942
0.0278	6943
0.0278	6944
0.0278	6945
0.0278	6946
0.0278	6947
0.0278	6948
0.0278	6949
0.0278	6950
0.0278	6951
0.0278	6952
0.0278	6953
0.0278	6954
0.0278	6955
0.0278	6956
0.0278	6957
0.0278	6958
0.0278	6959
0.0278	6960
0.0278	6961
0.0278	6962
0.0278	6963
0.0278	6964
0.0278	6965
0.0278	6966
0.0278	6967
0.0278	6968
0.0278	6969
0.0278	6970
0.0278	6971
0.0278	6972
0.0278	6973
0.0278	6974
0.0278	6975
0.0278	6976
0.0278	6977
0.0278	6978
0.0278	6979
0.0278	6980
0.0278	6981
0.0278	6982
0.0278	6983
0.0278	6984
0.0278	6985
0.0278	6986
0.0278	6987
0.0278	6988
0.0278	6989
0.0278	6990
0.0278	6991
0.0278	6992
0.0278	6993
0.0278	6994
0.0278	6995
0.0278	6996
0.0278	6997
0.0278	6998
0.0278	6999
0.0278	7000
0.0278	7001
0.0278	7002
0.0278	7003
0.0278	7004
0.0278	7005
0.0278	7006
0.0278	7007
0.0278	7008
0.0278	7009
0.0278	7010
0.0278	7011
0.0278	7012
0.0278	7013
0.0278	7014
0.0278	7015
0.0278	7016
0.0278	7017
0.0278	7018
0.0278	7019
0.0278	7020
0.0278	7021
0.0278	7022
0.0278	7023
0.0278	7024
0.0278	7025
0.0278	7026
0.0278	7027
0.0278	7028
0.0278	7029
0.0278	7030
0.0278	7031
0.0278	7032
0.0278	7033
0.0278	7034
0.0278	7035
0.0278	7036
0.0278	7037
0.0278	7038
0.0278	7039
0.0278	7040
0.0278	7041
0.0278	7042
0.0278	7043
0.0278	7044
0.0278	7045
0.0278	7046
0.0278	7047
0.0278	7048
0.0278	7049
0.0278	7050
0.0278	7051
0.0278	7052
0.0278	7053
0.0278	7054
0.0278	7055
0.0278	7056
0.0278	7057
0.0278	7058
0.0278	7059
0.0278	7060
0.0278	7061
0.0278	7062
0.0278	7063
0.0278	7064
0.0278	7065
0.0278	7066
0.0278	7067
0.0278	7068
0.0278	7069
0.0278	7070
0.0278	7071
0.0278	7072
0.0278	7073
0.0278	7074
0.0278	7075
0.0278	7076
0.0278	7077
0.0278	7078
0.0278	7079
0.0278	7080
0.0278	7081
0.0278	7082
0.0278	7083
0.0278	7084
0.0278	7085
0.0278	7086
0.0278	7087
0.0278	7088
0.0278	7089
0.0278	7090
0.0278	7091
0.0278	7092
0.0278	7093
0.0278	7094
0.0278	7095
0.0278	7096
0.0278	7097
0.0278	7098
0.0278	7099
0.0278	7100
0.0278	7101
0.0278	7102
0.0278	7103
0.0278	7104
0.0278	7105
0.0278	7106
0.0278	7107
0.0278	7108
0.0278	7109
0.0278	7110
0.0278	7111
0.0278	7112
0.0278	7113
0.0278	7114
0.0278	7115
0.0278	7116
0.0278	7117
0.0278	7118
0.0278	7119
0.0278	7120
0.0278	7121
0.0278	7122
0.0278	7123
0.0278	7124
0.0278	7125
0.0278	7126
0.0278	7127
0.0278	7128
0.0278	7129
0.0278	7130
0.0278	7131
0.0278	7132
0.0278	7133
0.0278	7134
0.0278	7135
0.0278	7136
0.0278	7137
0.0278	7138
0.0278	7139
0.0278	7140
0.0278	7141
0.0278	7142
0.0278	7143
0.0278	7144
0.0278	7145
0.0278	7146
0.0278	7147
0.0278	7148
0.0278	7149
0.0278	7150
0.0278	7151
0.0278	7152
0.0278	7153
0.0278	7154
0.0278	7155
0.0278	7156
0.0278	7157
0.0278	7158
0.0278	7159
0.0278	7160
0.0278	7161
0.0278	7162
0.0278	7163
0.0278	7164
0.0278	7165
0.0278	7166
0.0278	7167
0.0278	7168
0.0278	7169
0.0278	7170
0.0278	7171
0.0278	7172
0.0278	7173
0.0278	7174
0.0278	7175
0.0278	7176
0.0278	7177
0.0278	7178
0.0278	7179
0.0278	7180
0.0278	7181
0.0278	7182
0.0278	7183
0.0278	7184
0.0278	7185
0.0278	7186
0.0278	7187
0.0278	7188
0.0278	7189
0.0278	7190
0.0278	7191
0.0278	7192
0.0278	7193
0.0278	7194
0.0278	7195
0.0278	7196
0.0278	7197
0.0278	7198
0.0278	7199
0.0278	7200
0.0278	7201
0.0278	7202
0.0278	7203
0.0278	7204
0.0278	7205
0.0278	7206
0.0278	7207
0.0278	7208
0.0278	7209
0.0278	7210
0.0278	7211
0.0278	7212
0.0278	7213
0.0278	7214
0.0278	7215
0.0278	7216
0.0278	7217
0.0278	7218
0.0278	7219
0.0278	7220
0.0278	7221
0.0278	7222
0.0278	7223
0.0278	7224
0.0278	7225
0.0278	7226
0.0278	7227
0.0278	7228
0.0278	7229
0.0278	7230
0.0278	7231
0.0278	7232
0.0278	7233
0.0278	7234
0.0278	7235
0.0278	7236
0.0278	7237
0.0278	7238
0.0278	7239
0.0278	7240
0.0278	7241
0.0278	7242
0.0278	7243
0.0278	7244
0.0278	7245
0.0278	7246
0.0278	7247
0.0278	7248
0.0278	7249
0.0278	7250
0.0278	7251
0.0278	7252
0.0278	7253
0.0278	7254
0.0278	7255
0.0278	7256
0.0278	7257
0.0278	7258
0.0278	7259
0.0278	7260
0.0278	7261
0.0278	7262
0.0278	7263
0.0278	7264
0.0278	7265
0.0278	7266
0.0278	7267
0.0278	7268
0.0278	7269
0.0278	7270
0.0278	7271
0.0278	7272
0.0278	7273
0.0278	7274
0.0278	7275
0.0278	7276
0.0278	7277
0.0278	7278
0.0278	7279
0.0278	7280
