0.2912	1
0.3259	2
0.2789	3
0.286	4
0.2527	5
0.26	6
0.2423	7
0.2329	8
0.2246	9
0.2143	10
0.2192	11
0.2024	12
0.1992	13
0.1924	14
0.1862	15
0.1825	16
0.1818	17
0.1772	18
0.1821	19
0.1774	20
0.1753	21
0.1731	22
0.1702	23
0.1679	24
0.167	25
0.1655	26
0.1605	27
0.1556	28
0.1525	29
0.1523	30
0.153	31
0.1475	32
0.1526	33
0.1429	34
0.1417	35
0.1405	36
0.1395	37
0.1356	38
0.1367	39
0.1442	40
0.1374	41
0.1371	42
0.1377	43
0.1379	44
0.1345	45
0.1366	46
0.1369	47
0.1308	48
0.1345	49
0.1316	50
0.1252	51
0.1268	52
0.1236	53
0.1219	54
0.1188	55
0.1172	56
0.115	57
0.1118	58
0.1099	59
0.1078	60
0.1063	61
0.1053	62
0.106	63
0.1048	64
0.1011	65
0.0989	66
0.1003	67
0.0958	68
0.0981	69
0.1004	70
0.1002	71
0.1	72
0.0966	73
0.0972	74
0.0949	75
0.0977	76
0.0937	77
0.0944	78
0.0938	79
0.0976	80
0.0931	81
0.0939	82
0.091	83
0.0964	84
0.0936	85
0.0935	86
0.0908	87
0.0888	88
0.0906	89
0.0885	90
0.0894	91
0.0926	92
0.0929	93
0.0904	94
0.0946	95
0.091	96
0.0856	97
0.0895	98
0.0885	99
0.0895	100
0.0901	101
0.0885	102
0.0908	103
0.0866	104
0.0879	105
0.0859	106
0.0888	107
0.0863	108
0.093	109
0.0876	110
0.0911	111
0.0915	112
0.089	113
0.0929	114
0.0893	115
0.0927	116
0.0944	117
0.0925	118
0.0904	119
0.0895	120
0.087	121
0.0835	122
0.084	123
0.0799	124
0.084	125
0.0805	126
0.0856	127
0.0824	128
0.0813	129
0.0793	130
0.0767	131
0.0792	132
0.0765	133
0.0784	134
0.0751	135
0.0764	136
0.0737	137
0.0759	138
0.0748	139
0.0757	140
0.0725	141
0.0731	142
0.0724	143
0.0695	144
0.0733	145
0.0738	146
0.0747	147
0.0733	148
0.0757	149
0.0711	150
0.0695	151
0.0751	152
0.0714	153
0.075	154
0.0746	155
0.0745	156
0.0756	157
0.0731	158
0.0706	159
0.0682	160
0.0701	161
0.0714	162
0.0725	163
0.0682	164
0.0683	165
0.0674	166
0.0669	167
0.0689	168
0.0648	169
0.0643	170
0.0628	171
0.0601	172
0.0629	173
0.0628	174
0.0651	175
0.0635	176
0.067	177
0.0667	178
0.0653	179
0.0679	180
0.0675	181
0.0714	182
0.0696	183
0.0705	184
0.0696	185
0.0733	186
0.0704	187
0.0742	188
0.0723	189
0.0747	190
0.0728	191
0.0729	192
0.0736	193
0.0746	194
0.0761	195
0.0721	196
0.0747	197
0.0686	198
0.07	199
0.0653	200
0.0628	201
0.0624	202
0.0595	203
0.0582	204
0.0576	205
0.0601	206
0.0599	207
0.0604	208
0.0614	209
0.062	210
0.0602	211
0.0592	212
0.0587	213
0.0559	214
0.0562	215
0.0559	216
0.055	217
0.0545	218
0.0543	219
0.0514	220
0.0512	221
0.0526	222
0.0528	223
0.0542	224
0.0553	225
0.0551	226
0.0565	227
0.0561	228
0.0558	229
0.0568	230
0.0554	231
0.0572	232
0.0576	233
0.0572	234
0.0565	235
0.0559	236
0.054	237
0.0527	238
0.0525	239
0.0516	240
0.0542	241
0.05	242
0.0507	243
0.0491	244
0.0498	245
0.0518	246
0.0517	247
0.0517	248
0.0517	249
0.0505	250
0.0497	251
0.0494	252
0.0508	253
0.0502	254
0.0513	255
0.0502	256
0.0501	257
0.0487	258
0.0502	259
0.0502	260
0.0496	261
0.0474	262
0.0464	263
0.0479	264
0.0461	265
0.0444	266
0.0442	267
0.0454	268
0.0439	269
0.045	270
0.0464	271
0.0463	272
0.0455	273
0.0438	274
0.0458	275
0.0467	276
0.0487	277
0.0513	278
0.0533	279
0.0526	280
0.055	281
0.0551	282
0.0548	283
0.0544	284
0.056	285
0.0517	286
0.053	287
0.0527	288
0.0536	289
0.0518	290
0.0509	291
0.0511	292
0.0495	293
0.0538	294
0.0528	295
0.0545	296
0.0558	297
0.0545	298
0.0547	299
0.0577	300
0.057	301
0.0572	302
0.0574	303
0.0577	304
0.0597	305
0.0613	306
0.0594	307
0.0594	308
0.0588	309
0.061	310
0.0604	311
0.0617	312
0.0609	313
0.0609	314
0.0614	315
0.0606	316
0.0626	317
0.0595	318
0.0591	319
0.0594	320
0.0594	321
0.0597	322
0.057	323
0.0578	324
0.057	325
0.0592	326
0.0577	327
0.0598	328
0.0604	329
0.0561	330
0.0593	331
0.0603	332
0.0626	333
0.0621	334
0.0605	335
0.0622	336
0.0589	337
0.0598	338
0.0586	339
0.0584	340
0.0572	341
0.0586	342
0.0574	343
0.0577	344
0.0585	345
0.0562	346
0.0576	347
0.0606	348
0.0605	349
0.0601	350
0.0637	351
0.0637	352
0.0619	353
0.0638	354
0.0605	355
0.0628	356
0.0601	357
0.0603	358
0.0591	359
0.0594	360
0.0574	361
0.0578	362
0.0593	363
0.0549	364
0.0563	365
0.056	366
0.0534	367
0.0547	368
0.0539	369
0.0531	370
0.0517	371
0.0513	372
0.0516	373
0.0524	374
0.0503	375
0.0506	376
0.0509	377
0.0497	378
0.0518	379
0.0508	380
0.0489	381
0.0477	382
0.0466	383
0.0465	384
0.0447	385
0.0443	386
0.0443	387
0.0481	388
0.0438	389
0.0449	390
0.0436	391
0.0449	392
0.0443	393
0.0444	394
0.0454	395
0.0452	396
0.045	397
0.0449	398
0.0458	399
0.0476	400
0.0467	401
0.0505	402
0.0463	403
0.0485	404
0.0473	405
0.0471	406
0.0483	407
0.0481	408
0.0487	409
0.0485	410
0.049	411
0.0501	412
0.0519	413
0.0534	414
0.0548	415
0.0526	416
0.0546	417
0.0535	418
0.0558	419
0.0553	420
0.0559	421
0.0536	422
0.0534	423
0.0537	424
0.0545	425
0.053	426
0.0528	427
0.0516	428
0.0519	429
0.0514	430
0.0522	431
0.0491	432
0.0478	433
0.0462	434
0.045	435
0.0446	436
0.0453	437
0.0452	438
0.0452	439
0.0453	440
0.0448	441
0.05	442
0.0468	443
0.0462	444
0.0493	445
0.0484	446
0.0495	447
0.0505	448
0.0513	449
0.0512	450
0.0502	451
0.0491	452
0.0493	453
0.0466	454
0.0489	455
0.0449	456
0.0462	457
0.0466	458
0.0485	459
0.0479	460
0.0465	461
0.0476	462
0.0463	463
0.0493	464
0.0498	465
0.0527	466
0.0499	467
0.0496	468
0.0484	469
0.047	470
0.05	471
0.0491	472
0.0508	473
0.0488	474
0.0505	475
0.0486	476
0.0505	477
0.0481	478
0.0523	479
0.0495	480
0.0488	481
0.0482	482
0.0486	483
0.0462	484
0.0467	485
0.0461	486
0.0471	487
0.0472	488
0.0443	489
0.046	490
0.0463	491
0.0475	492
0.0457	493
0.0474	494
0.0457	495
0.0458	496
0.0436	497
0.0444	498
0.0422	499
0.0423	500
0.0433	501
0.0417	502
0.0437	503
0.0439	504
0.0421	505
0.0438	506
0.0438	507
0.0412	508
0.043	509
0.0405	510
0.0416	511
0.0402	512
0.042	513
0.041	514
0.0418	515
0.0434	516
0.0424	517
0.0436	518
0.044	519
0.0431	520
0.0438	521
0.0436	522
0.0455	523
0.0445	524
0.0466	525
0.0449	526
0.0496	527
0.0454	528
0.0477	529
0.0462	530
0.0484	531
0.0487	532
0.0498	533
0.0496	534
0.0464	535
0.0487	536
0.0491	537
0.0533	538
0.0465	539
0.0477	540
0.0454	541
0.0465	542
0.0449	543
0.0453	544
0.0449	545
0.0448	546
0.0458	547
0.048	548
0.0449	549
0.0455	550
0.0456	551
0.047	552
0.046	553
0.047	554
0.0469	555
0.0469	556
0.0463	557
0.0483	558
0.0499	559
0.0508	560
0.0509	561
0.0516	562
0.0513	563
0.0545	564
0.0487	565
0.0502	566
0.0498	567
0.0483	568
0.047	569
0.0481	570
0.0435	571
0.046	572
0.043	573
0.0428	574
0.0428	575
0.0439	576
0.046	577
0.0445	578
0.0467	579
0.0448	580
0.042	581
0.0407	582
0.0416	583
0.0408	584
0.0406	585
0.0428	586
0.041	587
0.0422	588
0.0455	589
0.0445	590
0.0445	591
0.0432	592
0.042	593
0.0433	594
0.0421	595
0.0432	596
0.0414	597
0.0412	598
0.0412	599
0.0432	600
0.0419	601
0.044	602
0.0433	603
0.0454	604
0.0441	605
0.0443	606
0.045	607
0.0479	608
0.0475	609
0.05	610
0.0491	611
0.0488	612
0.047	613
0.046	614
0.0451	615
0.0451	616
0.0419	617
0.0407	618
0.0393	619
0.0376	620
0.0369	621
0.0378	622
0.0383	623
0.0389	624
0.0397	625
0.039	626
0.0391	627
0.039	628
0.037	629
0.037	630
0.038	631
0.0363	632
0.0365	633
0.0368	634
0.0379	635
0.0377	636
0.0383	637
0.0389	638
0.0383	639
0.0398	640
0.039	641
0.0402	642
0.039	643
0.0398	644
0.0398	645
0.04	646
0.0404	647
0.0401	648
0.0404	649
0.0407	650
0.0399	651
0.0411	652
0.0442	653
0.0455	654
0.0463	655
0.0446	656
0.0465	657
0.0451	658
0.0471	659
0.0465	660
0.0471	661
0.0474	662
0.048	663
0.0474	664
0.0474	665
0.0471	666
0.0439	667
0.0451	668
0.0439	669
0.0429	670
0.0418	671
0.0406	672
0.0421	673
0.0427	674
0.0422	675
0.0418	676
0.0422	677
0.0406	678
0.04	679
0.0401	680
0.039	681
0.0399	682
0.0399	683
0.0415	684
0.0415	685
0.0421	686
0.0418	687
0.0423	688
0.0429	689
0.0434	690
0.0419	691
0.0424	692
0.0426	693
0.0444	694
0.0447	695
0.0445	696
0.0447	697
0.0469	698
0.0453	699
0.0493	700
0.0501	701
0.0509	702
0.0513	703
0.0519	704
0.0503	705
0.048	706
0.0487	707
0.0455	708
0.0488	709
0.0452	710
0.0459	711
0.042	712
0.0416	713
0.0414	714
0.0435	715
0.0424	716
0.045	717
0.0437	718
0.045	719
0.0434	720
0.0472	721
0.0463	722
0.0476	723
0.0471	724
0.047	725
0.0484	726
0.0459	727
0.0444	728
0.0463	729
0.0448	730
0.0443	731
0.0462	732
0.0436	733
0.0425	734
0.0425	735
0.0417	736
0.0419	737
0.0419	738
0.0415	739
0.039	740
0.0391	741
0.0382	742
0.0392	743
0.0379	744
0.039	745
0.04	746
0.0408	747
0.0404	748
0.043	749
0.0409	750
0.0423	751
0.0423	752
0.0446	753
0.044	754
0.0442	755
0.0423	756
0.042	757
0.0431	758
0.047	759
0.0437	760
0.046	761
0.0434	762
0.044	763
0.0414	764
0.0415	765
0.0433	766
0.0426	767
0.0433	768
0.04	769
0.0393	770
0.0374	771
0.0385	772
0.0361	773
0.0372	774
0.0378	775
0.0398	776
0.0376	777
0.0395	778
0.0388	779
0.0414	780
0.0389	781
0.0394	782
0.0374	783
0.0383	784
0.0387	785
0.0398	786
0.0401	787
0.0392	788
0.041	789
0.0438	790
0.0417	791
0.0431	792
0.0414	793
0.0404	794
0.0398	795
0.0417	796
0.0415	797
0.0393	798
0.0381	799
0.0378	800
0.0394	801
0.0388	802
0.0391	803
0.0396	804
0.0392	805
0.0384	806
0.04	807
0.0391	808
0.0416	809
0.0418	810
0.0431	811
0.0422	812
0.0416	813
0.0413	814
0.0409	815
0.0422	816
0.0428	817
0.0408	818
0.0415	819
0.0413	820
0.0399	821
0.0403	822
0.0401	823
0.0408	824
0.0412	825
0.0409	826
0.0401	827
0.0425	828
0.0408	829
0.0439	830
0.0435	831
0.0422	832
0.0442	833
0.042	834
0.0436	835
0.0424	836
0.0422	837
0.0408	838
0.0417	839
0.0392	840
0.038	841
0.0378	842
0.0379	843
0.0378	844
0.0388	845
0.0378	846
0.0381	847
0.0382	848
0.0378	849
0.0388	850
0.039	851
0.0394	852
0.04	853
0.0395	854
0.039	855
0.0393	856
0.0361	857
0.0384	858
0.0365	859
0.0382	860
0.0378	861
0.038	862
0.037	863
0.0368	864
0.0382	865
0.0395	866
0.0375	867
0.0389	868
0.0377	869
0.0375	870
0.0382	871
0.0374	872
0.0386	873
0.0383	874
0.0401	875
0.0391	876
0.0385	877
0.0386	878
0.04	879
0.0418	880
0.0413	881
0.0415	882
0.0423	883
0.042	884
0.0389	885
0.0382	886
0.0368	887
0.0377	888
0.0376	889
0.0383	890
0.0394	891
0.039	892
0.0416	893
0.041	894
0.0409	895
0.0415	896
0.0417	897
0.0433	898
0.0432	899
0.041	900
0.0423	901
0.0429	902
0.044	903
0.0475	904
0.0458	905
0.0464	906
0.0465	907
0.0474	908
0.0482	909
0.0484	910
0.0496	911
0.0489	912
0.0515	913
0.052	914
0.0515	915
0.0509	916
0.0509	917
0.0517	918
0.0503	919
0.0509	920
0.0498	921
0.049	922
0.0497	923
0.0517	924
0.0517	925
0.0506	926
0.0539	927
0.0512	928
0.0529	929
0.0512	930
0.0523	931
0.0504	932
0.0508	933
0.0503	934
0.0484	935
0.0495	936
0.0487	937
0.0475	938
0.05	939
0.0472	940
0.0467	941
0.0472	942
0.0475	943
0.0439	944
0.0451	945
0.0441	946
0.0452	947
0.046	948
0.0455	949
0.0458	950
0.0442	951
0.0452	952
0.044	953
0.0425	954
0.0416	955
0.0421	956
0.0436	957
0.0421	958
0.043	959
0.0431	960
0.0434	961
0.0447	962
0.0426	963
0.0422	964
0.0409	965
0.0415	966
0.0405	967
0.0413	968
0.0404	969
0.0405	970
0.0395	971
0.0407	972
0.0386	973
0.0381	974
0.0368	975
0.0378	976
0.0369	977
0.0373	978
0.0372	979
0.0378	980
0.0379	981
0.0369	982
0.0374	983
0.0375	984
0.0388	985
0.0368	986
0.038	987
0.0376	988
0.0393	989
0.0401	990
0.0415	991
0.0412	992
0.0419	993
0.0388	994
0.0378	995
0.0397	996
0.0394	997
0.0394	998
0.0368	999
0.037	1000
0.0364	1001
0.0385	1002
0.037	1003
0.0396	1004
0.0367	1005
0.0381	1006
0.0379	1007
0.0383	1008
0.0379	1009
0.0384	1010
0.0396	1011
0.0411	1012
0.0402	1013
0.0418	1014
0.0397	1015
0.0385	1016
0.0389	1017
0.0382	1018
0.0374	1019
0.0374	1020
0.0395	1021
0.0358	1022
0.0358	1023
0.0343	1024
0.0343	1025
0.0345	1026
0.035	1027
0.034	1028
0.0335	1029
0.0322	1030
0.0322	1031
0.0321	1032
0.0302	1033
0.0309	1034
0.0301	1035
0.0311	1036
0.0299	1037
0.03	1038
0.0303	1039
0.0303	1040
0.0297	1041
0.0287	1042
0.0282	1043
0.0289	1044
0.0285	1045
0.0298	1046
0.0297	1047
0.0293	1048
0.0285	1049
0.0289	1050
0.0287	1051
0.0287	1052
0.0298	1053
0.0292	1054
0.0307	1055
0.0301	1056
0.0298	1057
0.0284	1058
0.0301	1059
0.0288	1060
0.0311	1061
0.0294	1062
0.0295	1063
0.0298	1064
0.0305	1065
0.0303	1066
0.0299	1067
0.0304	1068
0.0305	1069
0.0309	1070
0.0308	1071
0.0308	1072
0.0305	1073
0.0301	1074
0.0305	1075
0.0313	1076
0.0324	1077
0.0318	1078
0.032	1079
0.0322	1080
0.0327	1081
0.0333	1082
0.0336	1083
0.0345	1084
0.0354	1085
0.0356	1086
0.034	1087
0.0345	1088
0.033	1089
0.0344	1090
0.0353	1091
0.0351	1092
0.0349	1093
0.034	1094
0.034	1095
0.0354	1096
0.0345	1097
0.0349	1098
0.0353	1099
0.0355	1100
0.0346	1101
0.0352	1102
0.0349	1103
0.0349	1104
0.0345	1105
0.0344	1106
0.0326	1107
0.0321	1108
0.0315	1109
0.0303	1110
0.0315	1111
0.0315	1112
0.0314	1113
0.0339	1114
0.0328	1115
0.032	1116
0.0296	1117
0.0298	1118
0.0292	1119
0.0302	1120
0.0298	1121
0.0309	1122
0.0318	1123
0.0321	1124
0.0328	1125
0.0339	1126
0.0337	1127
0.0336	1128
0.0334	1129
0.0341	1130
0.0345	1131
0.0359	1132
0.0359	1133
0.0354	1134
0.0365	1135
0.0374	1136
0.0386	1137
0.0365	1138
0.0385	1139
0.0388	1140
0.0365	1141
0.0375	1142
0.0368	1143
0.0363	1144
0.0367	1145
0.0366	1146
0.0365	1147
0.0351	1148
0.0358	1149
0.0368	1150
0.0352	1151
0.0374	1152
0.0357	1153
0.0365	1154
0.0343	1155
0.0329	1156
0.033	1157
0.0324	1158
0.0342	1159
0.0322	1160
0.0339	1161
0.0333	1162
0.034	1163
0.033	1164
0.0335	1165
0.0329	1166
0.0336	1167
0.0318	1168
0.0321	1169
0.0318	1170
0.0312	1171
0.03	1172
0.0312	1173
0.0301	1174
0.0304	1175
0.0307	1176
0.0291	1177
0.0291	1178
0.0291	1179
0.0277	1180
0.0278	1181
0.0272	1182
0.0268	1183
0.0266	1184
0.0263	1185
0.0268	1186
0.0266	1187
0.0273	1188
0.0262	1189
0.0262	1190
0.0257	1191
0.0258	1192
0.0261	1193
0.0257	1194
0.0261	1195
0.0259	1196
0.026	1197
0.026	1198
0.0262	1199
0.0261	1200
0.0266	1201
0.0264	1202
0.027	1203
0.0263	1204
0.0266	1205
0.0268	1206
0.0268	1207
0.0266	1208
0.0273	1209
0.0269	1210
0.0275	1211
0.0272	1212
0.0272	1213
0.0269	1214
0.0265	1215
0.027	1216
0.0263	1217
0.0268	1218
0.0268	1219
0.0269	1220
0.0272	1221
0.0278	1222
0.0275	1223
0.0273	1224
0.0271	1225
0.0269	1226
0.0274	1227
0.0276	1228
0.0267	1229
0.0266	1230
0.0264	1231
0.0268	1232
0.0272	1233
0.0266	1234
0.0265	1235
0.0274	1236
0.0267	1237
0.0274	1238
0.0263	1239
0.0265	1240
0.0255	1241
0.0259	1242
0.0255	1243
0.0261	1244
0.0256	1245
0.026	1246
0.0257	1247
0.026	1248
0.0261	1249
0.0262	1250
0.0263	1251
0.0266	1252
0.0263	1253
0.0266	1254
0.0269	1255
0.0267	1256
0.0271	1257
0.0274	1258
0.0277	1259
0.0268	1260
0.0271	1261
0.0266	1262
0.027	1263
0.0261	1264
0.0258	1265
0.0255	1266
0.0253	1267
0.0253	1268
0.0252	1269
0.0258	1270
0.0253	1271
0.026	1272
0.0258	1273
0.0263	1274
0.0268	1275
0.0269	1276
0.0269	1277
0.0275	1278
0.0264	1279
0.0269	1280
0.0266	1281
0.0265	1282
0.0268	1283
0.0271	1284
0.028	1285
0.0279	1286
0.0272	1287
0.0277	1288
0.0272	1289
0.0275	1290
0.0268	1291
0.0272	1292
0.0272	1293
0.0284	1294
0.0269	1295
0.0263	1296
0.0262	1297
0.0263	1298
0.0269	1299
0.0261	1300
0.0267	1301
0.0265	1302
0.0266	1303
0.0267	1304
0.0264	1305
0.0266	1306
0.0263	1307
0.027	1308
0.0269	1309
0.0275	1310
0.0277	1311
0.0273	1312
0.0265	1313
0.0261	1314
0.0262	1315
0.0261	1316
0.0257	1317
0.0258	1318
0.0256	1319
0.0255	1320
0.0255	1321
0.0254	1322
0.0255	1323
0.0254	1324
0.0252	1325
0.0251	1326
0.0249	1327
0.0249	1328
0.0249	1329
0.0249	1330
0.0249	1331
0.0249	1332
0.0249	1333
0.0249	1334
0.0249	1335
0.0249	1336
0.0249	1337
0.0249	1338
0.0249	1339
0.0249	1340
0.0249	1341
0.0249	1342
0.0249	1343
0.0249	1344
0.0249	1345
0.0249	1346
0.0249	1347
0.0249	1348
0.0249	1349
0.0249	1350
0.0249	1351
0.0249	1352
0.0249	1353
0.0249	1354
0.0249	1355
0.0249	1356
0.0249	1357
0.0249	1358
0.0249	1359
0.0249	1360
0.0249	1361
0.0249	1362
0.0249	1363
0.0249	1364
0.0249	1365
0.0249	1366
0.0249	1367
0.0249	1368
0.0249	1369
0.0249	1370
0.0249	1371
0.0249	1372
0.0249	1373
0.0249	1374
0.0249	1375
0.0249	1376
0.0249	1377
0.0249	1378
0.0249	1379
0.0249	1380
0.0249	1381
0.0249	1382
0.0249	1383
0.0249	1384
0.0249	1385
0.0249	1386
0.0249	1387
0.0249	1388
0.0249	1389
0.0249	1390
0.0249	1391
0.0249	1392
0.0249	1393
0.0249	1394
0.0249	1395
0.0249	1396
0.0249	1397
0.0249	1398
0.0249	1399
0.0249	1400
0.0249	1401
0.0249	1402
0.0249	1403
0.0249	1404
0.0249	1405
0.0249	1406
0.0249	1407
0.0249	1408
0.0249	1409
0.0249	1410
0.0249	1411
0.0249	1412
0.0249	1413
0.0249	1414
0.0249	1415
0.0249	1416
0.0249	1417
0.0249	1418
0.0249	1419
0.0249	1420
0.0249	1421
0.0249	1422
0.0249	1423
0.0249	1424
0.0249	1425
0.0249	1426
0.0249	1427
0.0249	1428
0.0249	1429
0.0249	1430
0.0249	1431
0.0249	1432
0.0249	1433
0.0249	1434
0.0249	1435
0.0249	1436
0.0249	1437
0.0249	1438
0.0249	1439
0.0249	1440
0.0249	1441
0.0249	1442
0.0249	1443
0.0249	1444
0.0249	1445
0.0249	1446
0.0249	1447
0.0249	1448
0.0249	1449
0.0249	1450
0.0249	1451
0.0249	1452
0.0249	1453
0.0249	1454
0.0249	1455
0.0249	1456
0.0249	1457
0.0249	1458
0.0249	1459
0.0249	1460
0.0249	1461
0.0249	1462
0.0249	1463
0.0249	1464
0.0249	1465
0.0249	1466
0.0249	1467
0.0249	1468
0.0249	1469
0.0249	1470
0.0249	1471
0.0249	1472
0.0249	1473
0.0249	1474
0.0249	1475
0.0249	1476
0.0249	1477
0.0249	1478
0.0249	1479
0.0249	1480
0.0249	1481
0.0249	1482
0.0249	1483
0.0249	1484
0.0249	1485
0.0249	1486
0.0249	1487
0.0249	1488
0.0249	1489
0.0249	1490
0.0249	1491
0.0249	1492
0.0249	1493
0.0249	1494
0.0249	1495
0.0249	1496
0.0249	1497
0.0249	1498
0.0249	1499
0.0249	1500
0.0249	1501
0.0249	1502
0.0249	1503
0.0249	1504
0.0249	1505
0.0249	1506
0.0249	1507
0.0249	1508
0.0249	1509
0.0249	1510
0.0249	1511
0.0249	1512
0.0249	1513
0.0249	1514
0.0249	1515
0.0249	1516
0.0249	1517
0.0249	1518
0.0249	1519
0.0249	1520
0.0249	1521
0.0249	1522
0.0249	1523
0.0249	1524
0.0249	1525
0.0249	1526
0.0249	1527
0.0249	1528
0.0249	1529
0.0249	1530
0.0249	1531
0.0249	1532
0.0249	1533
0.0249	1534
0.0249	1535
0.0249	1536
0.0249	1537
0.0249	1538
0.0249	1539
0.0249	1540
0.0249	1541
0.0249	1542
0.0249	1543
0.0249	1544
0.0249	1545
0.0249	1546
0.0249	1547
0.0249	1548
0.0249	1549
0.0249	1550
0.0249	1551
0.0249	1552
0.0249	1553
0.0249	1554
0.0249	1555
0.0249	1556
0.0249	1557
0.0249	1558
0.0249	1559
0.0249	1560
0.0249	1561
0.0249	1562
0.0249	1563
0.0249	1564
0.0249	1565
0.0249	1566
0.0249	1567
0.0249	1568
0.0249	1569
0.0249	1570
0.0249	1571
0.0249	1572
0.0249	1573
0.0249	1574
0.0249	1575
0.0249	1576
0.0249	1577
0.0249	1578
0.0249	1579
0.0249	1580
0.0249	1581
0.0249	1582
0.0249	1583
0.0249	1584
0.0249	1585
0.0249	1586
0.0249	1587
0.0249	1588
0.0249	1589
0.0249	1590
0.0249	1591
0.0249	1592
0.0249	1593
0.0249	1594
0.0249	1595
0.0249	1596
0.0249	1597
0.0249	1598
0.0249	1599
0.0249	1600
0.0249	1601
0.0249	1602
0.0249	1603
0.0249	1604
0.0249	1605
0.0249	1606
0.0249	1607
0.0249	1608
0.0249	1609
0.0249	1610
0.0249	1611
0.0249	1612
0.0249	1613
0.0249	1614
0.0249	1615
0.0249	1616
0.0249	1617
0.0249	1618
0.0249	1619
0.0249	1620
0.0249	1621
0.0249	1622
0.0249	1623
0.0249	1624
0.0249	1625
0.0249	1626
0.0249	1627
0.0249	1628
0.0249	1629
0.0249	1630
0.0249	1631
0.0249	1632
0.0249	1633
0.0249	1634
0.0249	1635
0.0249	1636
0.0249	1637
0.0249	1638
0.0249	1639
0.0249	1640
0.0249	1641
0.0249	1642
0.0249	1643
0.0249	1644
0.0249	1645
0.0249	1646
0.0249	1647
0.0249	1648
0.0249	1649
0.0249	1650
0.0249	1651
0.0249	1652
0.0249	1653
0.0249	1654
0.0249	1655
0.0249	1656
0.0249	1657
0.0249	1658
0.0249	1659
0.0249	1660
0.0249	1661
0.0249	1662
0.0249	1663
0.0249	1664
0.0249	1665
0.0249	1666
0.0249	1667
0.0249	1668
0.0249	1669
0.0249	1670
0.0249	1671
0.0249	1672
0.0249	1673
0.0249	1674
0.0249	1675
0.0249	1676
0.0249	1677
0.0249	1678
0.0249	1679
0.0249	1680
0.0249	1681
0.0249	1682
0.0249	1683
0.0249	1684
0.0249	1685
0.0249	1686
0.0249	1687
0.0249	1688
0.0249	1689
0.0249	1690
0.0249	1691
0.0249	1692
0.0249	1693
0.0249	1694
0.0249	1695
0.0249	1696
0.0249	1697
0.0249	1698
0.0249	1699
0.0249	1700
0.0249	1701
0.0249	1702
0.0249	1703
0.0249	1704
0.0249	1705
0.0249	1706
0.0249	1707
0.0249	1708
0.0249	1709
0.0249	1710
0.0249	1711
0.0249	1712
0.0249	1713
0.0249	1714
0.0249	1715
0.0249	1716
0.0249	1717
0.0249	1718
0.0249	1719
0.0249	1720
0.0249	1721
0.0249	1722
0.0249	1723
0.0249	1724
0.0249	1725
0.0249	1726
0.0249	1727
0.0249	1728
0.0249	1729
0.0249	1730
0.0249	1731
0.0249	1732
0.0249	1733
0.0249	1734
0.0249	1735
0.0249	1736
0.0249	1737
0.0249	1738
0.0249	1739
0.0249	1740
0.0249	1741
0.0249	1742
0.0249	1743
0.0249	1744
0.0249	1745
0.0249	1746
0.0249	1747
0.0249	1748
0.0249	1749
0.0249	1750
0.0249	1751
0.0249	1752
0.0249	1753
0.0249	1754
0.0249	1755
0.0249	1756
0.0249	1757
0.0249	1758
0.0249	1759
0.0249	1760
0.0249	1761
0.0249	1762
0.0249	1763
0.0249	1764
0.0249	1765
0.0249	1766
0.0249	1767
0.0249	1768
0.0249	1769
0.0249	1770
0.0249	1771
0.0249	1772
0.0249	1773
0.0249	1774
0.0249	1775
0.0249	1776
0.0249	1777
0.0249	1778
0.0249	1779
0.0249	1780
0.0249	1781
0.0249	1782
0.0249	1783
0.0249	1784
0.0249	1785
0.0249	1786
0.0249	1787
0.0249	1788
0.0249	1789
0.0249	1790
0.0249	1791
0.0249	1792
0.0249	1793
0.0249	1794
0.0249	1795
0.0249	1796
0.0249	1797
0.0249	1798
0.0249	1799
0.0249	1800
0.0249	1801
0.0249	1802
0.0249	1803
0.0249	1804
0.0249	1805
0.0249	1806
0.0249	1807
0.0249	1808
0.0249	1809
0.0249	1810
0.0249	1811
0.0249	1812
0.0249	1813
0.0249	1814
0.0249	1815
0.0249	1816
0.0249	1817
0.0249	1818
0.0249	1819
0.0249	1820
0.0249	1821
0.0249	1822
0.0249	1823
0.0249	1824
0.0249	1825
0.0249	1826
0.0249	1827
0.0249	1828
0.0249	1829
0.0249	1830
0.0249	1831
0.0249	1832
0.0249	1833
0.0249	1834
0.0249	1835
0.0249	1836
0.0249	1837
0.0249	1838
0.0249	1839
0.0249	1840
0.0249	1841
0.0249	1842
0.0249	1843
0.0249	1844
0.0249	1845
0.0249	1846
0.0249	1847
0.0249	1848
0.0249	1849
0.0249	1850
0.0249	1851
0.0249	1852
0.0249	1853
0.0249	1854
0.0249	1855
0.0249	1856
0.0249	1857
0.0249	1858
0.0249	1859
0.0249	1860
0.0249	1861
0.0249	1862
0.0249	1863
0.0249	1864
0.0249	1865
0.0249	1866
0.0249	1867
0.0249	1868
0.0249	1869
0.0249	1870
0.0249	1871
0.0249	1872
0.0249	1873
0.0249	1874
0.0249	1875
0.0249	1876
0.0249	1877
0.0249	1878
0.0249	1879
0.0249	1880
0.0249	1881
0.0249	1882
0.0249	1883
0.0249	1884
0.0249	1885
0.0249	1886
0.0249	1887
0.0249	1888
0.0249	1889
0.0249	1890
0.0249	1891
0.0249	1892
0.0249	1893
0.0249	1894
0.0249	1895
0.0249	1896
0.0249	1897
0.0249	1898
0.0249	1899
0.0249	1900
0.0249	1901
0.0249	1902
0.0249	1903
0.0249	1904
0.0249	1905
0.0249	1906
0.0249	1907
0.0249	1908
0.0249	1909
0.0249	1910
0.0249	1911
0.0249	1912
0.0249	1913
0.0249	1914
0.0249	1915
0.0249	1916
0.0249	1917
0.0249	1918
0.0249	1919
0.0249	1920
0.0249	1921
0.0249	1922
0.0249	1923
0.0249	1924
0.0249	1925
0.0249	1926
0.0249	1927
0.0249	1928
0.0249	1929
0.0249	1930
0.0249	1931
0.0249	1932
0.0249	1933
0.0249	1934
0.0249	1935
0.0249	1936
0.0249	1937
0.0249	1938
0.0249	1939
0.0249	1940
0.0249	1941
0.0249	1942
0.0249	1943
0.0249	1944
0.0249	1945
0.0249	1946
0.0249	1947
0.0249	1948
0.0249	1949
0.0249	1950
0.0249	1951
0.0249	1952
0.0249	1953
0.0249	1954
0.0249	1955
0.0249	1956
0.0249	1957
0.0249	1958
0.0249	1959
0.0249	1960
0.0249	1961
0.0249	1962
0.0249	1963
0.0249	1964
0.0249	1965
0.0249	1966
0.0249	1967
0.0249	1968
0.0249	1969
0.0249	1970
0.0249	1971
0.0249	1972
0.0249	1973
0.0249	1974
0.0249	1975
0.0249	1976
0.0249	1977
0.0249	1978
0.0249	1979
0.0249	1980
0.0249	1981
0.0249	1982
0.0249	1983
0.0249	1984
0.0249	1985
0.0249	1986
0.0249	1987
0.0249	1988
0.0249	1989
0.0249	1990
0.0249	1991
0.0249	1992
0.0249	1993
0.0249	1994
0.0249	1995
0.0249	1996
0.0249	1997
0.0249	1998
0.0249	1999
0.0249	2000
0.0249	2001
0.0249	2002
0.0249	2003
0.0249	2004
0.0249	2005
0.0249	2006
0.0249	2007
0.0249	2008
0.0249	2009
0.0249	2010
0.0249	2011
0.0249	2012
0.0249	2013
0.0249	2014
0.0249	2015
0.0249	2016
0.0249	2017
0.0249	2018
0.0249	2019
0.0249	2020
0.0249	2021
0.0249	2022
0.0249	2023
0.0249	2024
0.0249	2025
0.0249	2026
0.0249	2027
0.0249	2028
0.0249	2029
0.0249	2030
0.0249	2031
0.0249	2032
0.0249	2033
0.0249	2034
0.0249	2035
0.0249	2036
0.0249	2037
0.0249	2038
0.0249	2039
0.0249	2040
0.0249	2041
0.0249	2042
0.0249	2043
0.0249	2044
0.0249	2045
0.0249	2046
0.0249	2047
0.0249	2048
0.0249	2049
0.0249	2050
0.0249	2051
0.0249	2052
0.0249	2053
0.0249	2054
0.0249	2055
0.0249	2056
0.0249	2057
0.0249	2058
0.0249	2059
0.0249	2060
0.0249	2061
0.0249	2062
0.0249	2063
0.0249	2064
0.0249	2065
0.0249	2066
0.0249	2067
0.0249	2068
0.0249	2069
0.0249	2070
0.0249	2071
0.0249	2072
0.0249	2073
0.0249	2074
0.0249	2075
0.0249	2076
0.0249	2077
0.0249	2078
0.0249	2079
0.0249	2080
0.0249	2081
0.0249	2082
0.0249	2083
0.0249	2084
0.0249	2085
0.0249	2086
0.0249	2087
0.0249	2088
0.0249	2089
0.0249	2090
0.0249	2091
0.0249	2092
0.0249	2093
0.0249	2094
0.0249	2095
0.0249	2096
0.0249	2097
0.0249	2098
0.0249	2099
0.0249	2100
0.0249	2101
0.0249	2102
0.0249	2103
0.0249	2104
0.0249	2105
0.0249	2106
0.0249	2107
0.0249	2108
0.0249	2109
0.0249	2110
0.0249	2111
0.0249	2112
0.0249	2113
0.0249	2114
0.0249	2115
0.0249	2116
0.0249	2117
0.0249	2118
0.0249	2119
0.0249	2120
0.0249	2121
0.0249	2122
0.0249	2123
0.0249	2124
0.0249	2125
0.0249	2126
0.0249	2127
0.0249	2128
0.0249	2129
0.0249	2130
0.0249	2131
0.0249	2132
0.0249	2133
0.0249	2134
0.0249	2135
0.0249	2136
0.0249	2137
0.0249	2138
0.0249	2139
0.0249	2140
0.0249	2141
0.0249	2142
0.0249	2143
0.0249	2144
0.0249	2145
0.0249	2146
0.0249	2147
0.0249	2148
0.0249	2149
0.0249	2150
0.0249	2151
0.0249	2152
0.0249	2153
0.0249	2154
0.0249	2155
0.0249	2156
0.0249	2157
0.0249	2158
0.0249	2159
0.0249	2160
0.0249	2161
0.0249	2162
0.0249	2163
0.0249	2164
0.0249	2165
0.0249	2166
0.0249	2167
0.0249	2168
0.0249	2169
0.0249	2170
0.0249	2171
0.0249	2172
0.0249	2173
0.0249	2174
0.0249	2175
0.0249	2176
0.0249	2177
0.0249	2178
0.0249	2179
0.0249	2180
0.0249	2181
0.0249	2182
0.0249	2183
0.0249	2184
0.0249	2185
0.0249	2186
0.0249	2187
0.0249	2188
0.0249	2189
0.0249	2190
0.0249	2191
0.0249	2192
0.0249	2193
0.0249	2194
0.0249	2195
0.0249	2196
0.0249	2197
0.0249	2198
0.0249	2199
0.0249	2200
0.0249	2201
0.0249	2202
0.0249	2203
0.0249	2204
0.0249	2205
0.0249	2206
0.0249	2207
0.0249	2208
0.0249	2209
0.0249	2210
0.0249	2211
0.0249	2212
0.0249	2213
0.0249	2214
0.0249	2215
0.0249	2216
0.0249	2217
0.0249	2218
0.0249	2219
0.0249	2220
0.0249	2221
0.0249	2222
0.0249	2223
0.0249	2224
0.0249	2225
0.0249	2226
0.0249	2227
0.0249	2228
0.0249	2229
0.0249	2230
0.0249	2231
0.0249	2232
0.0249	2233
0.0249	2234
0.0249	2235
0.0249	2236
0.0249	2237
0.0249	2238
0.0249	2239
0.0249	2240
0.0249	2241
0.0249	2242
0.0249	2243
0.0249	2244
0.0249	2245
0.0249	2246
0.0249	2247
0.0249	2248
0.0249	2249
0.0249	2250
0.0249	2251
0.0249	2252
0.0249	2253
0.0249	2254
0.0249	2255
0.0249	2256
0.0249	2257
0.0249	2258
0.0249	2259
0.0249	2260
0.0249	2261
0.0249	2262
0.0249	2263
0.0249	2264
0.0249	2265
0.0249	2266
0.0249	2267
0.0249	2268
0.0249	2269
0.0249	2270
0.0249	2271
0.0249	2272
0.0249	2273
0.0249	2274
0.0249	2275
0.0249	2276
0.0249	2277
0.0249	2278
0.0249	2279
0.0249	2280
0.0249	2281
0.0249	2282
0.0249	2283
0.0249	2284
0.0249	2285
0.0249	2286
0.0249	2287
0.0249	2288
0.0249	2289
0.0249	2290
0.0249	2291
0.0249	2292
0.0249	2293
0.0249	2294
0.0249	2295
0.0249	2296
0.0249	2297
0.0249	2298
0.0249	2299
0.0249	2300
0.0249	2301
0.0249	2302
0.0249	2303
0.0249	2304
0.0249	2305
0.0249	2306
0.0249	2307
0.0249	2308
0.0249	2309
0.0249	2310
0.0249	2311
0.0249	2312
0.0249	2313
0.0249	2314
0.0249	2315
0.0249	2316
0.0249	2317
0.0249	2318
0.0249	2319
0.0249	2320
0.0249	2321
0.0249	2322
0.0249	2323
0.0249	2324
0.0249	2325
0.0249	2326
0.0249	2327
0.0249	2328
0.0249	2329
0.0249	2330
0.0249	2331
0.0249	2332
0.0249	2333
0.0249	2334
0.0249	2335
0.0249	2336
0.0249	2337
0.0249	2338
0.0249	2339
0.0249	2340
0.0249	2341
0.0249	2342
0.0249	2343
0.0249	2344
0.0249	2345
0.0249	2346
0.0249	2347
0.0249	2348
0.0249	2349
0.0249	2350
0.0249	2351
0.0249	2352
0.0249	2353
0.0249	2354
0.0249	2355
0.0249	2356
0.0249	2357
0.0249	2358
0.0249	2359
0.0249	2360
0.0249	2361
0.0249	2362
0.0249	2363
0.0249	2364
0.0249	2365
0.0249	2366
0.0249	2367
0.0249	2368
0.0249	2369
0.0249	2370
0.0249	2371
0.0249	2372
0.0249	2373
0.0249	2374
0.0249	2375
0.0249	2376
0.0249	2377
0.0249	2378
0.0249	2379
0.0249	2380
0.0249	2381
0.0249	2382
0.0249	2383
0.0249	2384
0.0249	2385
0.0249	2386
0.0249	2387
0.0249	2388
0.0249	2389
0.0249	2390
0.0249	2391
0.0249	2392
0.0249	2393
0.0249	2394
0.0249	2395
0.0249	2396
0.0249	2397
0.0249	2398
0.0249	2399
0.0249	2400
0.0249	2401
0.0249	2402
0.0249	2403
0.0249	2404
0.0249	2405
0.0249	2406
0.0249	2407
0.0249	2408
0.0249	2409
0.0249	2410
0.0249	2411
0.0249	2412
0.0249	2413
0.0249	2414
0.0249	2415
0.0249	2416
0.0249	2417
0.0249	2418
0.0249	2419
0.0249	2420
0.0249	2421
0.0249	2422
0.0249	2423
0.0249	2424
0.0249	2425
0.0249	2426
0.0249	2427
0.0249	2428
0.0249	2429
0.0249	2430
0.0249	2431
0.0249	2432
0.0249	2433
0.0249	2434
0.0249	2435
0.0249	2436
0.0249	2437
0.0249	2438
0.0249	2439
0.0249	2440
0.0249	2441
0.0249	2442
0.0249	2443
0.0249	2444
0.0249	2445
0.0249	2446
0.0249	2447
0.0249	2448
0.0249	2449
0.0249	2450
0.0249	2451
0.0249	2452
0.0249	2453
0.0249	2454
0.0249	2455
0.0249	2456
0.0249	2457
0.0249	2458
0.0249	2459
0.0249	2460
0.0249	2461
0.0249	2462
0.0249	2463
0.0249	2464
0.0249	2465
0.0249	2466
0.0249	2467
0.0249	2468
0.0249	2469
0.0249	2470
0.0249	2471
0.0249	2472
0.0249	2473
0.0249	2474
0.0249	2475
0.0249	2476
0.0249	2477
0.0249	2478
0.0249	2479
0.0249	2480
0.0249	2481
0.0249	2482
0.0249	2483
0.0249	2484
0.0249	2485
0.0249	2486
0.0249	2487
0.0249	2488
0.0249	2489
0.0249	2490
0.0249	2491
0.0249	2492
0.0249	2493
0.0249	2494
0.0249	2495
0.0249	2496
0.0249	2497
0.0249	2498
0.0249	2499
0.0249	2500
0.0249	2501
0.0249	2502
0.0249	2503
0.0249	2504
0.0249	2505
0.0249	2506
0.0249	2507
0.0249	2508
0.0249	2509
0.0249	2510
0.0249	2511
0.0249	2512
0.0249	2513
0.0249	2514
0.0249	2515
0.0249	2516
0.0249	2517
0.0249	2518
0.0249	2519
0.0249	2520
0.0249	2521
0.0249	2522
0.0249	2523
0.0249	2524
0.0249	2525
0.0249	2526
0.0249	2527
0.0249	2528
0.0249	2529
0.0249	2530
0.0249	2531
0.0249	2532
0.0249	2533
0.0249	2534
0.0249	2535
0.0249	2536
0.0249	2537
0.0249	2538
0.0249	2539
0.0249	2540
0.0249	2541
0.0249	2542
0.0249	2543
0.0249	2544
0.0249	2545
0.0249	2546
0.0249	2547
0.0249	2548
0.0249	2549
0.0249	2550
0.0249	2551
0.0249	2552
0.0249	2553
0.0249	2554
0.0249	2555
0.0249	2556
0.0249	2557
0.0249	2558
0.0249	2559
0.0249	2560
0.0249	2561
0.0249	2562
0.0249	2563
0.0249	2564
0.0249	2565
0.0249	2566
0.0249	2567
0.0249	2568
0.0249	2569
0.0249	2570
0.0249	2571
0.0249	2572
0.0249	2573
0.0249	2574
0.0249	2575
0.0249	2576
0.0249	2577
0.0249	2578
0.0249	2579
0.0249	2580
0.0249	2581
0.0249	2582
0.0249	2583
0.0249	2584
0.0249	2585
0.0249	2586
0.0249	2587
0.0249	2588
0.0249	2589
0.0249	2590
0.0249	2591
0.0249	2592
0.0249	2593
0.0249	2594
0.0249	2595
0.0249	2596
0.0249	2597
0.0249	2598
0.0249	2599
0.0249	2600
0.0249	2601
0.0249	2602
0.0249	2603
0.0249	2604
0.0249	2605
0.0249	2606
0.0249	2607
0.0249	2608
0.0249	2609
0.0249	2610
0.0249	2611
0.0249	2612
0.0249	2613
0.0249	2614
0.0249	2615
0.0249	2616
0.0249	2617
0.0249	2618
0.0249	2619
0.0249	2620
0.0249	2621
0.0249	2622
0.0249	2623
0.0249	2624
0.0249	2625
0.0249	2626
0.0249	2627
0.0249	2628
0.0249	2629
0.0249	2630
0.0249	2631
0.0249	2632
0.0249	2633
0.0249	2634
0.0249	2635
0.0249	2636
0.0249	2637
0.0249	2638
0.0249	2639
0.0249	2640
0.0249	2641
0.0249	2642
0.0249	2643
0.0249	2644
0.0249	2645
0.0249	2646
0.0249	2647
0.0249	2648
0.0249	2649
0.0249	2650
0.0249	2651
0.0249	2652
0.0249	2653
0.0249	2654
0.0249	2655
0.0249	2656
0.0249	2657
0.0249	2658
0.0249	2659
0.0249	2660
0.0249	2661
0.0249	2662
0.0249	2663
0.0249	2664
0.0249	2665
0.0249	2666
0.0249	2667
0.0249	2668
0.0249	2669
0.0249	2670
0.0249	2671
0.0249	2672
0.0249	2673
0.0249	2674
0.0249	2675
0.0249	2676
0.0249	2677
0.0249	2678
0.0249	2679
0.0249	2680
0.0249	2681
0.0249	2682
0.0249	2683
0.0249	2684
0.0249	2685
0.0249	2686
0.0249	2687
0.0249	2688
0.0249	2689
0.0249	2690
0.0249	2691
0.0249	2692
0.0249	2693
0.0249	2694
0.0249	2695
0.0249	2696
0.0249	2697
0.0249	2698
0.0249	2699
0.0249	2700
0.0249	2701
0.0249	2702
0.0249	2703
0.0249	2704
0.0249	2705
0.0249	2706
0.0249	2707
0.0249	2708
0.0249	2709
0.0249	2710
0.0249	2711
0.0249	2712
0.0249	2713
0.0249	2714
0.0249	2715
0.0249	2716
0.0249	2717
0.0249	2718
0.0249	2719
0.0249	2720
0.0249	2721
0.0249	2722
0.0249	2723
0.0249	2724
0.0249	2725
0.0249	2726
0.0249	2727
0.0249	2728
0.0249	2729
0.0249	2730
0.0249	2731
0.0249	2732
0.0249	2733
0.0249	2734
0.0249	2735
0.0249	2736
0.0249	2737
0.0249	2738
0.0249	2739
0.0249	2740
0.0249	2741
0.0249	2742
0.0249	2743
0.0249	2744
0.0249	2745
0.0249	2746
0.0249	2747
0.0249	2748
0.0249	2749
0.0249	2750
0.0249	2751
0.0249	2752
0.0249	2753
0.0249	2754
0.0249	2755
0.0249	2756
0.0249	2757
0.0249	2758
0.0249	2759
0.0249	2760
0.0249	2761
0.0249	2762
0.0249	2763
0.0249	2764
0.0249	2765
0.0249	2766
0.0249	2767
0.0249	2768
0.0249	2769
0.0249	2770
0.0249	2771
0.0249	2772
0.0249	2773
0.0249	2774
0.0249	2775
0.0249	2776
0.0249	2777
0.0249	2778
0.0249	2779
0.0249	2780
0.0249	2781
0.0249	2782
0.0249	2783
0.0249	2784
0.0249	2785
0.0249	2786
0.0249	2787
0.0249	2788
0.0249	2789
0.0249	2790
0.0249	2791
0.0249	2792
0.0249	2793
0.0249	2794
0.0249	2795
0.0249	2796
0.0249	2797
0.0249	2798
0.0249	2799
0.0249	2800
0.0249	2801
0.0249	2802
0.0249	2803
0.0249	2804
0.0249	2805
0.0249	2806
0.0249	2807
0.0249	2808
0.0249	2809
0.0249	2810
0.0249	2811
0.0249	2812
0.0249	2813
0.0249	2814
0.0249	2815
0.0249	2816
0.0249	2817
0.0249	2818
0.0249	2819
0.0249	2820
0.0249	2821
0.0249	2822
0.0249	2823
0.0249	2824
0.0249	2825
0.0249	2826
0.0249	2827
0.0249	2828
0.0249	2829
0.0249	2830
0.0249	2831
0.0249	2832
0.0249	2833
0.0249	2834
0.0249	2835
0.0249	2836
0.0249	2837
0.0249	2838
0.0249	2839
0.0249	2840
0.0249	2841
0.0249	2842
0.0249	2843
0.0249	2844
0.0249	2845
0.0249	2846
0.0249	2847
0.0249	2848
0.0249	2849
0.0249	2850
0.0249	2851
0.0249	2852
0.0249	2853
0.0249	2854
0.0249	2855
0.0249	2856
0.0249	2857
0.0249	2858
0.0249	2859
0.0249	2860
0.0249	2861
0.0249	2862
0.0249	2863
0.0249	2864
0.0249	2865
0.0249	2866
0.0249	2867
0.0249	2868
0.0249	2869
0.0249	2870
0.0249	2871
0.0249	2872
0.0249	2873
0.0249	2874
0.0249	2875
0.0249	2876
0.0249	2877
0.0249	2878
0.0249	2879
0.0249	2880
0.0249	2881
0.0249	2882
0.0249	2883
0.0249	2884
0.0249	2885
0.0249	2886
0.0249	2887
0.0249	2888
0.0249	2889
0.0249	2890
0.0249	2891
0.0249	2892
0.0249	2893
0.0249	2894
0.0249	2895
0.0249	2896
0.0249	2897
0.0249	2898
0.0249	2899
0.0249	2900
0.0249	2901
0.0249	2902
0.0249	2903
0.0249	2904
0.0249	2905
0.0249	2906
0.0249	2907
0.0249	2908
0.0249	2909
0.0249	2910
0.0249	2911
0.0249	2912
0.0249	2913
0.0249	2914
0.0249	2915
0.0249	2916
0.0249	2917
0.0249	2918
0.0249	2919
0.0249	2920
0.0249	2921
0.0249	2922
0.0249	2923
0.0249	2924
0.0249	2925
0.0249	2926
0.0249	2927
0.0249	2928
0.0249	2929
0.0249	2930
0.0249	2931
0.0249	2932
0.0249	2933
0.0249	2934
0.0249	2935
0.0249	2936
0.0249	2937
0.0249	2938
0.0249	2939
0.0249	2940
0.0249	2941
0.0249	2942
0.0249	2943
0.0249	2944
0.0249	2945
0.0249	2946
0.0249	2947
0.0249	2948
0.0249	2949
0.0249	2950
0.0249	2951
0.0249	2952
0.0249	2953
0.0249	2954
0.0249	2955
0.0249	2956
0.0249	2957
0.0249	2958
0.0249	2959
0.0249	2960
0.0249	2961
0.0249	2962
0.0249	2963
0.0249	2964
0.0249	2965
0.0249	2966
0.0249	2967
0.0249	2968
0.0249	2969
0.0249	2970
0.0249	2971
0.0249	2972
0.0249	2973
0.0249	2974
0.0249	2975
0.0249	2976
0.0249	2977
0.0249	2978
0.0249	2979
0.0249	2980
0.0249	2981
0.0249	2982
0.0249	2983
0.0249	2984
0.0249	2985
0.0249	2986
0.0249	2987
0.0249	2988
0.0249	2989
0.0249	2990
0.0249	2991
0.0249	2992
0.0249	2993
0.0249	2994
0.0249	2995
0.0249	2996
0.0249	2997
0.0249	2998
0.0249	2999
0.0249	3000
0.0249	3001
0.0249	3002
0.0249	3003
0.0249	3004
0.0249	3005
0.0249	3006
0.0249	3007
0.0249	3008
0.0249	3009
0.0249	3010
0.0249	3011
0.0249	3012
0.0249	3013
0.0249	3014
0.0249	3015
0.0249	3016
0.0249	3017
0.0249	3018
0.0249	3019
0.0249	3020
0.0249	3021
0.0249	3022
0.0249	3023
0.0249	3024
0.0249	3025
0.0249	3026
0.0249	3027
0.0249	3028
0.0249	3029
0.0249	3030
0.0249	3031
0.0249	3032
0.0249	3033
0.0249	3034
0.0249	3035
0.0249	3036
0.0249	3037
0.0249	3038
0.0249	3039
0.0249	3040
0.0249	3041
0.0249	3042
0.0249	3043
0.0249	3044
0.0249	3045
0.0249	3046
0.0249	3047
0.0249	3048
0.0249	3049
0.0249	3050
0.0249	3051
0.0249	3052
0.0249	3053
0.0249	3054
0.0249	3055
0.0249	3056
0.0249	3057
0.0249	3058
0.0249	3059
0.0249	3060
0.0249	3061
0.0249	3062
0.0249	3063
0.0249	3064
0.0249	3065
0.0249	3066
0.0249	3067
0.0249	3068
0.0249	3069
0.0249	3070
0.0249	3071
0.0249	3072
0.0249	3073
0.0249	3074
0.0249	3075
0.0249	3076
0.0249	3077
0.0249	3078
0.0249	3079
0.0249	3080
0.0249	3081
0.0249	3082
0.0249	3083
0.0249	3084
0.0249	3085
0.0249	3086
0.0249	3087
0.0249	3088
0.0249	3089
0.0249	3090
0.0249	3091
0.0249	3092
0.0249	3093
0.0249	3094
0.0249	3095
0.0249	3096
0.0249	3097
0.0249	3098
0.0249	3099
0.0249	3100
0.0249	3101
0.0249	3102
0.0249	3103
0.0249	3104
0.0249	3105
0.0249	3106
0.0249	3107
0.0249	3108
0.0249	3109
0.0249	3110
0.0249	3111
0.0249	3112
0.0249	3113
0.0249	3114
0.0249	3115
0.0249	3116
0.0249	3117
0.0249	3118
0.0249	3119
0.0249	3120
0.0249	3121
0.0249	3122
0.0249	3123
0.0249	3124
0.0249	3125
0.0249	3126
0.0249	3127
0.0249	3128
0.0249	3129
0.0249	3130
0.0249	3131
0.0249	3132
0.0249	3133
0.0249	3134
